0,0,'20260903',54742,54743,54744,54745,54746,54747,54748,54749,54750,54751,54752,54753,54754,54755,54756,54757,54758,54759,54760,54761,54762,54763,54764,54765,54766,54767,54768,54769,54770,54771,54772,54773,54774,54775,54776,54777,54778,54779,54780,54781,54782,54783,54784,54785,54786,54787,54788,54789,54790,54791,54792,54793,54794,54795,54796,54797,54798,54799,54800,54801,54802,54803,54804,54805,54806,54807,54808,54809,54810,54811,54812,54813,54814,54815,54816,54817,54818,54819,54820,54821,54822
0,0,'20260904',54823,54824,54825,54826,54827,54828,54829,54830,54831,54832,54833,54834,54835,54836,54837,54838,54839,54840,54841,54842,54843,54844,54845,54846,54847,54848,54849,54850,54851,54852,54853,54854,54855,54856,54857,54858,54859,54860,54861,54862,54863,54864,54865,54866,54867,54868,54869,54870,54871,54872,54873,54874,54875,54876,54877,54878,54879,54880,54881,54882,54883,54884,54885,54886,54887,54888,54889,54890,54891,54892,54893,54894,54895,54896,54897,54898,54899,54900,54901,54902,54903
0,0,'20260905',54904,54905,54906,54907,54908,54909,54910,54911,54912,54913,54914,54915,54916,54917,54918,54919,54920,54921,54922,54923,54924,54925,54926,54927,54928,54929,54930,54931,54932,54933,54934,54935,54936,54937,54938,54939,54940,54941,54942,54943,54944,54945,54946,54947,54948,54949,54950,54951,54952,54953,54954,54955,54956,54957,54958,54959,54960,54961,54962,54963,54964,54965,54966,54967,54968,54969,54970,54971,54972,54973,54974,54975,54976,54977,54978,54979,54980
0,0,'20260906',54981,54982,54983,54984,54985,54986,54987,54988,54989,54990,54991,54992,54993,54994,54995,54996,54997,54998,54999,55000,55001,55002,55003,55004,55005,55006,55007,55008,55009,55010,55011,55012,55013,55014,55015,55016,55017,55018,55019,55020,55021,55022,55023,55024,55025,55026,55027,55028,55029,55030,55031,55032,55033,55034,55035,55036,55037,55038,55039,55040,55041,55042,55043,55044,55045,55046,55047,55048,55049,55050,55051,55052,55053,55054,55055,55056,55057
0,0,'20260907',55059,55060,55061,55062,55063,55064,55065,55066,55067,55068,55069,55070,55071,55072,55073,55074,55075,55076,55077,55078,55079,55080,55081,55082,55083,55084,55085,55086,55087,55088,55089,55090,55091,55092,55093,55094,55095,55096,55097,55099,55100,55101,55102,55103,55104,55105,55106,55107,55108,55109,55110,55111,55112,55113,55114,55115,55116,55117,55120,55121,55122,55123,55124,55125,55126,55127,55128,55129,55130,55131,55132,55133,55134,55135,55136,55137,55138
0,0,'20260908',55139,55140,55141,55142,55143,55144,55145,55146,55147,55148,55149,55150,55151,55152,55153,55154,55155,55156,55157,55158,55159,55160,55161,55162,55163,55164,55165,55166,55167,55168,55169,55170,55171,55172,55173,55174,55175,55176,55177,55178,55179,55180,55181,55182,55183,55184,55185,55186,55187,55188,55189,55190,55191,55192,55193,55194,55195,55196,55197,55198,55199,55200,55201,55202,55203,55204,55205,55206,55207,55208,55209,55210,55211,55212,55213,55214,55215,55216,55217,55218,55219
0,0,'20260909',55220,55221,55222,55223,55224,55225,55226,55227,55228,55229,55230,55231,55232,55233,55234,55235,55236,55237,55238,55239,55240,55241,55242,55243,55244,55245,55246,55247,55248,55249,55250,55251,55252,55253,55254,55255,55256,55257,55258,55259,55260,55261,55262,55263,55264,55265,55266,55267,55268,55269,55270,55271,55272,55273,55274,55275,55276,55277,55278,55279,55280,55281,55282,55283,55284,55285,55286,55287,55288,55289,55290,55291,55292,55293,55294,55295,55296,55297,55298,55299,55300
0,0,'20260910',55301,55302,55303,55304,55305,55306,55307,55308,55309,55310,55311,55312,55313,55314,55315,55316,55317,55318,55319,55320,55321,55322,55323,55324,55325,55326,55327,55328,55329,55330,55331,55332,55333,55334,55335,55336,55337,55338,55339,55340,55341,55342,55343,55344,55345,55346,55347,55348,55349,55350,55351,55352,55353,55354,55355,55356,55357,55358,55359,55360,55361,55362,55363,55364,55365,55366,55367,55368,55369,55370,55371,55372,55373,55374,55375,55376,55377,55378,55379,55380,55381
0,0,'20260911',55382,55383,55384,55385,55386,55387,55388,55389,55390,55391,55392,55393,55394,55395,55396,55397,55398,55399,55400,55403,55404,55405,55406,55407,55408,55409,55410,55411,55412,55413,55414,55415,55416,55417,55418,55419,55422,55423,55424,55425,55426,55427,55428,55429,55430,55431,55432,55433,55434,55435,55436,55437,55438,55439,55442,55443,55444,55445,55446,55447,55448,55449,55450,55451,55452,55453,55454,55455,55456,55457,55458,55459,55460
0,0,'20260914',68188,68189,68190,68191,68192,68193,68194,68195,68196,68197,68198,68199,68200,68201,68202,68203,68204,68205,68206,68207,68208,68209,68210,68211,68212,68213,68214,68215,68216,68217,68218,68219,68220,68221,68222,68223,68224,68225,68226,68227,68228,68229,68230,68231,68232,68233,68234,68235,68236,68237,68238,68239,68240,68241,68242,68243,68244,68245,68246,68247,68248,68249,68250,68251,68252,68253,68254,68255,68256,68257,68258,68259,68260,68261,68262,68263,68264,68265,68266,68267,68268
0,0,'20260915',68269,68270,68271,68272,68273,68274,68275,68276,68277,68278,68279,68280,68281,68282,68283,68284,68285,68286,68287,68288,68289,68290,68291,68292,68293,68294,68295,68296,68297,68298,68299,68300,68301,68302,68303,68304,68305,68306,68307,68308,68309,68310,68311,68312,68313,68314,68315,68316,68317,68318,68319,68320,68321,68322,68323,68324,68325,68326,68327,68328,68329,68330,68331,68332,68333,68334,68335,68336,68337,68338,68339,68340,68341,68342,68343,68344,68345,68346,68347,68348,68349
0,0,'20260916',68350,68351,68352,68353,68354,68355,68356,68357,68358,68359,68360,68361,68362,68363,68364,68365,68366,68367,68368,68369,68370,68371,68372,68373,68374,68375,68376,68377,68378,68379,68380,68381,68382,68383,68384,68385,68386,68387,68388,68389,68390,68391,68392,68393,68394,68395,68396,68397,68398,68399,68400,68401,68402,68403,68404,68405,68406,68407,68408,68409,68410,68411,68412,68413,68414,68415,68416,68417,68418,68419,68420,68421,68422,68423,68424,68425,68426,68427,68428,68429,68430
0,0,'20260917',68431,68432,68433,68434,68435,68436,68437,68438,68439,68440,68441,68442,68443,68444,68445,68446,68447,68448,68449,68450,68451,68452,68453,68454,68455,68456,68457,68458,68459,68460,68461,68462,68463,68464,68465,68466,68467,68468,68469,68470,68471,68472,68473,68474,68475,68476,68477,68478,68479,68480,68481,68482,68483,68484,68485,68486,68487,68488,68489,68490,68491,68492,68493,68494,68495,68496,68497,68498,68499,68500,68501,68502,68503,68504,68505,68506,68507,68508,68509,68510,68511
0,0,'20260918',68512,68513,68514,68515,68516,68517,68518,68519,68520,68521,68522,68523,68524,68525,68526,68527,68528,68529,68530,68531,68532,68533,68534,68535,68536,68537,68538,68539,68540,68541,68542,68543,68544,68545,68546,68547,68548,68549,68550,68551,68552,68553,68554,68555,68556,68557,68558,68559,68560,68561,68562,68563,68564,68565,68566,68567,68568,68569,68570,68571,68572,68573,68574,68575,68576,68577,68578,68579,68580,68581,68582,68583,68584
0,1,'20260903',67486,67487,67488,67489,67490,67491,67492,67493,67494,67495,67496,67497,67498,67499,67500,67501,67502,67503,67504,67505,67506,67507,67508,67509,67510,67511,67512,67513,67514,67515,67516,67517,67518,67519,67520,67521,67522,67523,67524,67525,67526,67527,67528,67529,67530,67531,67532,67533,67534,67535,67536,67537,67538,67539,67540,67541,67542,67543,67544,67545,67546,67547,67548,67549,67550,67551,67552,67553,67554,67555,67556,67557,67558,67559,67560,67561,67562,67563,67564
0,1,'20260904',67565,67566,67567,67568,67569,67570,67571,67572,67573,67574,67575,67576,67577,67578,67579,67580,67581,67582,67583,67584,67585,67586,67587,67588,67589,67590,67591,67592,67593,67594,67595,67596,67597,67598,67599,67600,67601,67602,67603,67604,67605,67606,67607,67608,67609,67610,67611,67612,67613,67614,67615,67616,67617,67618,67619,67620,67621,67622,67623,67624,67625,67626,67627,67628,67629,67630,67631,67632,67633,67634,67635,67636,67637,67638,67639,67640,67641,67642,67643
0,1,'20260905',67644,67645,67646,67647,67648,67649,67650,67651,67652,67653,67654,67655,67656,67657,67658,67659,67660,67661,67662,67663,67664,67665,67666,67667,67668,67669,67670,67671,67672,67673,67674,67675,67676,67677,67678,67679,67680,67681,67682,67683,67684,67685,67686,67687,67688,67689,67690,67691,67692,67693,67694,67695,67696,67697,67698,67699,67700,67701,67702,67703,67704,67705,67706,67707,67708,67709,67710,67711,67712,67713,67714,67715,67716,67717,67718
0,1,'20260906',67719,67720,67721,67722,67723,67724,67725,67726,67727,67728,67729,67730,67731,67732,67733,67734,67735,67736,67737,67738,67739,67740,67741,67742,67743,67744,67745,67746,67747,67748,67749,67750,67751,67752,67753,67754,67755,67756,67757,67758,67759,67760,67761,67762,67763,67764,67765,67766,67767,67768,67769,67770,67771,67772,67773,67774,67775,67776,67777,67778,67779,67780,67781,67782,67783,67784,67785,67786,67787,67788,67789,67790,67791,67792,67793
0,1,'20260907',67795,67796,67797,67798,67799,67800,67801,67802,67803,67804,67805,67806,67807,67808,67809,67810,67811,67812,67813,67815,67816,67817,67818,67819,67820,67821,67822,67823,67824,67825,67826,67827,67828,67829,67830,67831,67832,67833,67835,67836,67837,67838,67839,67840,67841,67842,67843,67844,67845,67846,67847,67848,67849,67850,67851,67852,67854,67855,67856,67857,67858,67859,67860,67861,67862,67863,67864,67865,67866,67867,67868,67869,67870,67871,67872
0,1,'20260908',67873,67874,67875,67876,67877,67878,67879,67880,67881,67882,67883,67884,67885,67886,67887,67888,67889,67890,67891,67892,67893,67894,67895,67896,67897,67898,67899,67900,67901,67902,67903,67904,67905,67906,67907,67908,67909,67910,67911,67912,67913,67914,67915,67916,67917,67918,67919,67920,67921,67922,67923,67924,67925,67926,67927,67928,67929,67930,67931,67932,67933,67934,67935,67936,67937,67938,67939,67940,67941,67942,67943,67944,67945,67946,67947,67948,67949,67950,67951
0,1,'20260909',67952,67953,67954,67955,67956,67957,67958,67959,67960,67961,67962,67963,67964,67965,67966,67967,67968,67969,67970,67971,67972,67973,67974,67975,67976,67977,67978,67979,67980,67981,67982,67983,67984,67985,67986,67987,67988,67989,67990,67991,67992,67993,67994,67995,67996,67997,67998,67999,68000,68001,68002,68003,68004,68005,68006,68007,68008,68009,68010,68011,68012,68013,68014,68015,68016,68017,68018,68019,68020,68021,68022,68023,68024,68025,68026,68027,68028,68029,68030
0,1,'20260910',68031,68032,68033,68034,68035,68036,68037,68038,68039,68040,68041,68042,68043,68044,68045,68046,68047,68048,68049,68050,68051,68052,68053,68054,68055,68056,68057,68058,68059,68060,68061,68062,68063,68064,68065,68066,68067,68068,68069,68070,68071,68072,68073,68074,68075,68076,68077,68078,68079,68080,68081,68082,68083,68084,68085,68086,68087,68088,68089,68090,68091,68092,68093,68094,68095,68096,68097,68098,68099,68100,68101,68102,68103,68104,68105,68106,68107,68108,68109
0,1,'20260911',68110,68111,68112,68113,68114,68115,68116,68117,68118,68119,68120,68121,68122,68123,68124,68125,68126,68127,68128,68130,68131,68132,68133,68134,68135,68136,68137,68138,68139,68140,68141,68142,68143,68144,68145,68146,68147,68150,68151,68152,68153,68154,68155,68156,68157,68158,68159,68160,68161,68162,68163,68164,68165,68166,68167,68169,68170,68171,68172,68173,68174,68175,68176,68177,68178,68179,68180,68181,68182,68183,68184,68185,68186,68187
0,1,'20260914',68585,68586,68587,68588,68589,68590,68591,68592,68593,68594,68595,68596,68597,68598,68599,68600,68601,68602,68603,68604,68605,68606,68607,68608,68609,68610,68611,68612,68613,68614,68615,68616,68617,68618,68619,68620,68621,68622,68623,68624,68625,68626,68627,68628,68629,68630,68631,68632,68633,68634,68635,68636,68637,68638,68639,68640,68641,68642,68643,68644,68645,68646,68647,68648,68649,68650,68651,68652,68653,68654,68655,68656,68657,68658,68659,68660,68661,68662,68663
0,1,'20260915',68664,68665,68666,68667,68668,68669,68670,68671,68672,68673,68674,68675,68676,68677,68678,68679,68680,68681,68682,68683,68684,68685,68686,68687,68688,68689,68690,68691,68692,68693,68694,68695,68696,68697,68698,68699,68700,68701,68702,68703,68704,68705,68706,68707,68708,68709,68710,68711,68712,68713,68714,68715,68716,68717,68718,68719,68720,68721,68722,68723,68724,68725,68726,68727,68728,68729,68730,68731,68732,68733,68734,68735,68736,68737,68738,68739,68740,68741,68742
0,1,'20260916',68743,68744,68745,68746,68747,68748,68749,68750,68751,68752,68753,68754,68755,68756,68757,68758,68759,68760,68761,68762,68763,68764,68765,68766,68767,68768,68769,68770,68771,68772,68773,68774,68775,68776,68777,68778,68779,68780,68781,68782,68783,68784,68785,68786,68787,68788,68789,68790,68791,68792,68793,68794,68795,68796,68797,68798,68799,68800,68801,68802,68803,68804,68805,68806,68807,68808,68809,68810,68811,68812,68813,68814,68815,68816,68817,68818,68819,68820,68821
0,1,'20260917',68822,68823,68824,68825,68826,68827,68828,68829,68830,68831,68832,68833,68834,68835,68836,68837,68838,68839,68840,68841,68842,68843,68844,68845,68846,68847,68848,68849,68850,68851,68852,68853,68854,68855,68856,68857,68858,68859,68860,68861,68862,68863,68864,68865,68866,68867,68868,68869,68870,68871,68872,68873,68874,68875,68876,68877,68878,68879,68880,68881,68882,68883,68884,68885,68886,68887,68888,68889,68890,68891,68892,68893,68894,68895,68896,68897,68898,68899,68900
0,1,'20260918',68901,68902,68903,68904,68905,68906,68907,68908,68909,68910,68911,68912,68913,68914,68915,68916,68917,68918,68919,68920,68921,68922,68923,68924,68925,68926,68927,68928,68929,68930,68931,68932,68933,68934,68935,68936,68937,68938,68939,68940,68941,68942,68943,68944,68945,68946,68947,68948,68949,68950,68951,68952,68953,68954,68955,68956,68957,68958,68959,68960,68961,68962,68963,68964,68965,68966,68967,68968,68969,68970,68971,68972,68973,68974
