0,'20260831',503,,54559,2,,,1,15,,54499,2,,,1,20,,54539,2,,,1,15,,54560,2,,,1,55,,54500,2,,,1,15,,54520,2,,,1,15,,54540,2,,,1,15,,54561,2,,,1,55,,54501,2,,,1,15,,54521,2,,,1,15,,54541,2,,,1,15,,54562,2,,,1,55,,54502,2,,,1,15,,54522,2,,,1,15,,54542,2,,,1,15,,54563,2,,,1,55,,54503,2,,,1,15,,54523,2,,,1,15,,54543,2,,,1,15,,54564,2,,,1,55,,54504,2,,,1,15,,54524,2,,,1,15,,54544,2,,,1,15,,54565,2,,,1,55,,54505,2,,,1,15,,54525,2,,,1,15,,54545,2,,,1,15,,54566,2,,,1,55,,54506,2,,,1,15,,54526,2,,,1,15,,54546,2,,,1,15,,54567,2,,,1,55,,54507,2,,,1,15,,54527,2,,,1,15,,54547,2,,,1,15,,54568,2,,,1,55,,54508,2,,,1,15,,54528,2,,,1,15,,54548,2,,,1,15,,54569,2,,,1,55,,54509,2,,,1,15,,54529,2,,,1,15,,54549,2,,,1,15,,54570,2,,,1,55,,54510,2,,,1,15,,54530,2,,,1,15,,54550,2,,,1,15,,54571,2,,,1,55,,54511,2,,,1,15,,54531,2,,,1,15,,54551,2,,,1,15,,54572,2,,,1,55,,54512,2,,,1,15,,54532,2,,,1,15,,54552,2,,,1,15,,54573,2,,,1,55,,54513,2,,,1,15,,54533,2,,,1,15,,54553,2,,,1,15,,54574,2,,,1,55,,54514,2,,,1,15,,54534,2,,,1,15,,54554,2,,,1,15,,54575,2,,,1,55,,54515,2,,,1,15,,54535,2,,,1,15,,54555,2,,,1,15,,54576,2,,,1,55,,54516,2,,,1,15,,54536,2,,,1,15,,54556,2,,,1,15,,54577,2,,,1,55,,54517,2,,,1,15,,54537,2,,,1,15,,54557,2,,,1,15,,54578,2,,,1,55,,54518,2,,,1,15,,54538,2,,,1,15,,54558,2,,,1,15,,54579,2,,,1,55,,54519,2,,,1
0,'20260901',503,,54640,2,,,1,15,,54580,2,,,1,20,,54620,2,,,1,15,,54641,2,,,1,55,,54581,2,,,1,15,,54601,2,,,1,15,,54621,2,,,1,15,,54642,2,,,1,55,,54582,2,,,1,15,,54602,2,,,1,15,,54622,2,,,1,15,,54643,2,,,1,55,,54583,2,,,1,15,,54603,2,,,1,15,,54623,2,,,1,15,,54644,2,,,1,55,,54584,2,,,1,15,,54604,2,,,1,15,,54624,2,,,1,15,,54645,2,,,1,55,,54585,2,,,1,15,,54605,2,,,1,15,,54625,2,,,1,15,,54646,2,,,1,55,,54586,2,,,1,15,,54606,2,,,1,15,,54626,2,,,1,15,,54647,2,,,1,55,,54587,2,,,1,15,,54607,2,,,1,15,,54627,2,,,1,15,,54648,2,,,1,55,,54588,2,,,1,15,,54608,2,,,1,15,,54628,2,,,1,15,,54649,2,,,1,55,,54589,2,,,1,15,,54609,2,,,1,15,,54629,2,,,1,15,,54650,2,,,1,55,,54590,2,,,1,15,,54610,2,,,1,15,,54630,2,,,1,15,,54651,2,,,1,55,,54591,2,,,1,15,,54611,2,,,1,15,,54631,2,,,1,15,,54652,2,,,1,55,,54592,2,,,1,15,,54612,2,,,1,15,,54632,2,,,1,15,,54653,2,,,1,55,,54593,2,,,1,15,,54613,2,,,1,15,,54633,2,,,1,15,,54654,2,,,1,55,,54594,2,,,1,15,,54614,2,,,1,15,,54634,2,,,1,15,,54655,2,,,1,55,,54595,2,,,1,15,,54615,2,,,1,15,,54635,2,,,1,15,,54656,2,,,1,55,,54596,2,,,1,15,,54616,2,,,1,15,,54636,2,,,1,15,,54657,2,,,1,55,,54597,2,,,1,15,,54617,2,,,1,15,,54637,2,,,1,15,,54658,2,,,1,55,,54598,2,,,1,15,,54618,2,,,1,15,,54638,2,,,1,15,,54659,2,,,1,55,,54599,2,,,1,15,,54619,2,,,1,15,,54639,2,,,1,15,,54660,2,,,1,55,,54600,2,,,1
0,'20260902',503,,54721,2,,,1,15,,54661,2,,,1,20,,54701,2,,,1,15,,54722,2,,,1,55,,54662,2,,,1,15,,54682,2,,,1,15,,54702,2,,,1,15,,54723,2,,,1,55,,54663,2,,,1,15,,54683,2,,,1,15,,54703,2,,,1,15,,54724,2,,,1,55,,54664,2,,,1,15,,54684,2,,,1,15,,54704,2,,,1,15,,54725,2,,,1,55,,54665,2,,,1,15,,54685,2,,,1,15,,54705,2,,,1,15,,54726,2,,,1,55,,54666,2,,,1,15,,54686,2,,,1,15,,54706,2,,,1,15,,54727,2,,,1,55,,54667,2,,,1,15,,54687,2,,,1,15,,54707,2,,,1,15,,54728,2,,,1,55,,54668,2,,,1,15,,54688,2,,,1,15,,54708,2,,,1,15,,54729,2,,,1,55,,54669,2,,,1,15,,54689,2,,,1,15,,54709,2,,,1,15,,54730,2,,,1,55,,54670,2,,,1,15,,54690,2,,,1,15,,54710,2,,,1,15,,54731,2,,,1,55,,54671,2,,,1,15,,54691,2,,,1,15,,54711,2,,,1,15,,54732,2,,,1,55,,54672,2,,,1,15,,54692,2,,,1,15,,54712,2,,,1,15,,54733,2,,,1,55,,54673,2,,,1,15,,54693,2,,,1,15,,54713,2,,,1,15,,54734,2,,,1,55,,54674,2,,,1,15,,54694,2,,,1,15,,54714,2,,,1,15,,54735,2,,,1,55,,54675,2,,,1,15,,54695,2,,,1,15,,54715,2,,,1,15,,54736,2,,,1,55,,54676,2,,,1,15,,54696,2,,,1,15,,54716,2,,,1,15,,54737,2,,,1,55,,54677,2,,,1,15,,54697,2,,,1,15,,54717,2,,,1,15,,54738,2,,,1,55,,54678,2,,,1,15,,54698,2,,,1,15,,54718,2,,,1,15,,54739,2,,,1,55,,54679,2,,,1,15,,54699,2,,,1,15,,54719,2,,,1,15,,54740,2,,,1,55,,54680,2,,,1,15,,54700,2,,,1,15,,54720,2,,,1,15,,54741,2,,,1,55,,54681,2,,,1
0,'20260903',503,,54802,2,,,1,15,,54742,2,,,1,20,,54782,2,,,1,15,,54803,2,,,1,55,,54743,2,,,1,15,,54763,2,,,1,15,,54783,2,,,1,15,,54804,2,,,1,55,,54744,2,,,1,15,,54764,2,,,1,15,,54784,2,,,1,15,,54805,2,,,1,55,,54745,2,,,1,15,,54765,2,,,1,15,,54785,2,,,1,15,,54806,2,,,1,55,,54746,2,,,1,15,,54766,2,,,1,15,,54786,2,,,1,15,,54807,2,,,1,55,,54747,2,,,1,15,,54767,2,,,1,15,,54787,2,,,1,15,,54808,2,,,1,55,,54748,2,,,1,15,,54768,2,,,1,15,,54788,2,,,1,15,,54809,2,,,1,55,,54749,2,,,1,15,,54769,2,,,1,15,,54789,2,,,1,15,,54810,2,,,1,55,,54750,2,,,1,15,,54770,2,,,1,15,,54790,2,,,1,15,,54811,2,,,1,55,,54751,2,,,1,15,,54771,2,,,1,15,,54791,2,,,1,15,,54812,2,,,1,55,,54752,2,,,1,15,,54772,2,,,1,15,,54792,2,,,1,15,,54813,2,,,1,55,,54753,2,,,1,15,,54773,2,,,1,15,,54793,2,,,1,15,,54814,2,,,1,55,,54754,2,,,1,15,,54774,2,,,1,15,,54794,2,,,1,15,,54815,2,,,1,55,,54755,2,,,1,15,,54775,2,,,1,15,,54795,2,,,1,15,,54816,2,,,1,55,,54756,2,,,1,15,,54776,2,,,1,15,,54796,2,,,1,15,,54817,2,,,1,55,,54757,2,,,1,15,,54777,2,,,1,15,,54797,2,,,1,15,,54818,2,,,1,55,,54758,2,,,1,15,,54778,2,,,1,15,,54798,2,,,1,15,,54819,2,,,1,55,,54759,2,,,1,15,,54779,2,,,1,15,,54799,2,,,1,15,,54820,2,,,1,55,,54760,2,,,1,15,,54780,2,,,1,15,,54800,2,,,1,15,,54821,2,,,1,55,,54761,2,,,1,15,,54781,2,,,1,15,,54801,2,,,1,15,,54822,2,,,1,55,,54762,2,,,1
0,'20260904',503,,54883,2,,,1,15,,54823,2,,,1,20,,54863,2,,,1,15,,54884,2,,,1,55,,54824,2,,,1,15,,54844,2,,,1,15,,54864,2,,,1,15,,54885,2,,,1,55,,54825,2,,,1,15,,54845,2,,,1,15,,54865,2,,,1,15,,54886,2,,,1,55,,54826,2,,,1,15,,54846,2,,,1,15,,54866,2,,,1,15,,54887,2,,,1,55,,54827,2,,,1,15,,54847,2,,,1,15,,54867,2,,,1,15,,54888,2,,,1,55,,54828,2,,,1,15,,54848,2,,,1,15,,54868,2,,,1,15,,54889,2,,,1,55,,54829,2,,,1,15,,54849,2,,,1,15,,54869,2,,,1,15,,54890,2,,,1,55,,54830,2,,,1,15,,54850,2,,,1,15,,54870,2,,,1,15,,54891,2,,,1,55,,54831,2,,,1,15,,54851,2,,,1,15,,54871,2,,,1,15,,54892,2,,,1,55,,54832,2,,,1,15,,54852,2,,,1,15,,54872,2,,,1,15,,54893,2,,,1,55,,54833,2,,,1,15,,54853,2,,,1,15,,54873,2,,,1,15,,54894,2,,,1,55,,54834,2,,,1,15,,54854,2,,,1,15,,54874,2,,,1,15,,54895,2,,,1,55,,54835,2,,,1,15,,54855,2,,,1,15,,54875,2,,,1,15,,54896,2,,,1,55,,54836,2,,,1,15,,54856,2,,,1,15,,54876,2,,,1,15,,54897,2,,,1,55,,54837,2,,,1,15,,54857,2,,,1,15,,54877,2,,,1,15,,54898,2,,,1,55,,54838,2,,,1,15,,54858,2,,,1,15,,54878,2,,,1,15,,54899,2,,,1,55,,54839,2,,,1,15,,54859,2,,,1,15,,54879,2,,,1,15,,54900,2,,,1,55,,54840,2,,,1,15,,54860,2,,,1,15,,54880,2,,,1,15,,54901,2,,,1,55,,54841,2,,,1,15,,54861,2,,,1,15,,54881,2,,,1,15,,54902,2,,,1,55,,54842,2,,,1,15,,54862,2,,,1,15,,54882,2,,,1,15,,54903,2,,,1,55,,54843,2,,,1
0,'20260905',608,,54904,2,,,1,15,,54924,2,,,1,15,,54943,2,,,1,15,,54962,2,,,1,55,,54905,2,,,1,15,,54925,2,,,1,15,,54944,2,,,1,15,,54963,2,,,1,55,,54906,2,,,1,15,,54926,2,,,1,15,,54945,2,,,1,15,,54964,2,,,1,55,,54907,2,,,1,15,,54927,2,,,1,15,,54946,2,,,1,15,,54965,2,,,1,55,,54908,2,,,1,15,,54928,2,,,1,15,,54947,2,,,1,15,,54966,2,,,1,55,,54909,2,,,1,15,,54929,2,,,1,15,,54948,2,,,1,15,,54967,2,,,1,55,,54910,2,,,1,15,,54930,2,,,1,15,,54949,2,,,1,15,,54968,2,,,1,55,,54911,2,,,1,15,,54931,2,,,1,15,,54950,2,,,1,15,,54969,2,,,1,55,,54912,2,,,1,15,,54932,2,,,1,15,,54951,2,,,1,15,,54970,2,,,1,55,,54913,2,,,1,15,,54933,2,,,1,15,,54952,2,,,1,15,,54971,2,,,1,55,,54914,2,,,1,15,,54934,2,,,1,15,,54953,2,,,1,15,,54972,2,,,1,55,,54915,2,,,1,15,,54935,2,,,1,15,,54954,2,,,1,15,,54973,2,,,1,55,,54916,2,,,1,15,,54936,2,,,1,15,,54955,2,,,1,15,,54974,2,,,1,55,,54917,2,,,1,15,,54937,2,,,1,15,,54956,2,,,1,15,,54975,2,,,1,55,,54918,2,,,1,15,,54938,2,,,1,15,,54957,2,,,1,15,,54976,2,,,1,55,,54919,2,,,1,15,,54939,2,,,1,15,,54958,2,,,1,15,,54977,2,,,1,55,,54920,2,,,1,15,,54940,2,,,1,15,,54959,2,,,1,15,,54978,2,,,1,55,,54921,2,,,1,15,,54941,2,,,1,15,,54960,2,,,1,15,,54979,2,,,1,55,,54922,2,,,1,15,,54942,2,,,1,15,,54961,2,,,1,15,,54980,2,,,1,55,,54923,2,,,1
0,'20260906',608,,54981,2,,,1,15,,55001,2,,,1,15,,55020,2,,,1,15,,55039,2,,,1,55,,54982,2,,,1,15,,55002,2,,,1,15,,55021,2,,,1,15,,55040,2,,,1,55,,54983,2,,,1,15,,55003,2,,,1,15,,55022,2,,,1,15,,55041,2,,,1,55,,54984,2,,,1,15,,55004,2,,,1,15,,55023,2,,,1,15,,55042,2,,,1,55,,54985,2,,,1,15,,55005,2,,,1,15,,55024,2,,,1,15,,55043,2,,,1,55,,54986,2,,,1,15,,55006,2,,,1,15,,55025,2,,,1,15,,55044,2,,,1,55,,54987,2,,,1,15,,55007,2,,,1,15,,55026,2,,,1,15,,55045,2,,,1,55,,54988,2,,,1,15,,55008,2,,,1,15,,55027,2,,,1,15,,55046,2,,,1,55,,54989,2,,,1,15,,55009,2,,,1,15,,55028,2,,,1,15,,55047,2,,,1,55,,54990,2,,,1,15,,55010,2,,,1,15,,55029,2,,,1,15,,55048,2,,,1,55,,54991,2,,,1,15,,55011,2,,,1,15,,55030,2,,,1,15,,55049,2,,,1,55,,54992,2,,,1,15,,55012,2,,,1,15,,55031,2,,,1,15,,55050,2,,,1,55,,54993,2,,,1,15,,55013,2,,,1,15,,55032,2,,,1,15,,55051,2,,,1,55,,54994,2,,,1,15,,55014,2,,,1,15,,55033,2,,,1,15,,55052,2,,,1,55,,54995,2,,,1,15,,55015,2,,,1,15,,55034,2,,,1,15,,55053,2,,,1,55,,54996,2,,,1,15,,55016,2,,,1,15,,55035,2,,,1,15,,55054,2,,,1,55,,54997,2,,,1,15,,55017,2,,,1,15,,55036,2,,,1,15,,55055,2,,,1,55,,54998,2,,,1,15,,55018,2,,,1,15,,55037,2,,,1,15,,55056,2,,,1,55,,54999,2,,,1,15,,55019,2,,,1,15,,55038,2,,,1,15,,55057,2,,,1,55,,55000,2,,,1
0,'20260907',608,,55059,2,,,1,15,,55079,2,,,1,15,,55099,2,,,1,15,,55120,2,,,1,55,,55060,2,,,1,15,,55080,2,,,1,15,,55100,2,,,1,15,,55121,2,,,1,55,,55061,2,,,1,15,,55081,2,,,1,15,,55101,2,,,1,15,,55122,2,,,1,55,,55062,2,,,1,15,,55082,2,,,1,15,,55102,2,,,1,15,,55123,2,,,1,55,,55063,2,,,1,15,,55083,2,,,1,15,,55103,2,,,1,15,,55124,2,,,1,55,,55064,2,,,1,15,,55084,2,,,1,15,,55104,2,,,1,15,,55125,2,,,1,55,,55065,2,,,1,15,,55085,2,,,1,15,,55105,2,,,1,15,,55126,2,,,1,55,,55066,2,,,1,15,,55086,2,,,1,15,,55106,2,,,1,15,,55127,2,,,1,55,,55067,2,,,1,15,,55087,2,,,1,15,,55107,2,,,1,15,,55128,2,,,1,55,,55068,2,,,1,15,,55088,2,,,1,15,,55108,2,,,1,15,,55129,2,,,1,55,,55069,2,,,1,15,,55089,2,,,1,15,,55109,2,,,1,15,,55130,2,,,1,55,,55070,2,,,1,15,,55090,2,,,1,15,,55110,2,,,1,15,,55131,2,,,1,55,,55071,2,,,1,15,,55091,2,,,1,15,,55111,2,,,1,15,,55132,2,,,1,55,,55072,2,,,1,15,,55092,2,,,1,15,,55112,2,,,1,15,,55133,2,,,1,55,,55073,2,,,1,15,,55093,2,,,1,15,,55113,2,,,1,15,,55134,2,,,1,55,,55074,2,,,1,15,,55094,2,,,1,15,,55114,2,,,1,15,,55135,2,,,1,55,,55075,2,,,1,15,,55095,2,,,1,15,,55115,2,,,1,15,,55136,2,,,1,55,,55076,2,,,1,15,,55096,2,,,1,15,,55116,2,,,1,15,,55137,2,,,1,55,,55077,2,,,1,15,,55097,2,,,1,15,,55117,2,,,1,15,,55138,2,,,1,55,,55078,2,,,1
0,'20260908',503,,55199,2,,,1,15,,55139,2,,,1,20,,55179,2,,,1,15,,55200,2,,,1,55,,55140,2,,,1,15,,55160,2,,,1,15,,55180,2,,,1,15,,55201,2,,,1,55,,55141,2,,,1,15,,55161,2,,,1,15,,55181,2,,,1,15,,55202,2,,,1,55,,55142,2,,,1,15,,55162,2,,,1,15,,55182,2,,,1,15,,55203,2,,,1,55,,55143,2,,,1,15,,55163,2,,,1,15,,55183,2,,,1,15,,55204,2,,,1,55,,55144,2,,,1,15,,55164,2,,,1,15,,55184,2,,,1,15,,55205,2,,,1,55,,55145,2,,,1,15,,55165,2,,,1,15,,55185,2,,,1,15,,55206,2,,,1,55,,55146,2,,,1,15,,55166,2,,,1,15,,55186,2,,,1,15,,55207,2,,,1,55,,55147,2,,,1,15,,55167,2,,,1,15,,55187,2,,,1,15,,55208,2,,,1,55,,55148,2,,,1,15,,55168,2,,,1,15,,55188,2,,,1,15,,55209,2,,,1,55,,55149,2,,,1,15,,55169,2,,,1,15,,55189,2,,,1,15,,55210,2,,,1,55,,55150,2,,,1,15,,55170,2,,,1,15,,55190,2,,,1,15,,55211,2,,,1,55,,55151,2,,,1,15,,55171,2,,,1,15,,55191,2,,,1,15,,55212,2,,,1,55,,55152,2,,,1,15,,55172,2,,,1,15,,55192,2,,,1,15,,55213,2,,,1,55,,55153,2,,,1,15,,55173,2,,,1,15,,55193,2,,,1,15,,55214,2,,,1,55,,55154,2,,,1,15,,55174,2,,,1,15,,55194,2,,,1,15,,55215,2,,,1,55,,55155,2,,,1,15,,55175,2,,,1,15,,55195,2,,,1,15,,55216,2,,,1,55,,55156,2,,,1,15,,55176,2,,,1,15,,55196,2,,,1,15,,55217,2,,,1,55,,55157,2,,,1,15,,55177,2,,,1,15,,55197,2,,,1,15,,55218,2,,,1,55,,55158,2,,,1,15,,55178,2,,,1,15,,55198,2,,,1,15,,55219,2,,,1,55,,55159,2,,,1
0,'20260909',503,,55280,2,,,1,15,,55220,2,,,1,20,,55260,2,,,1,15,,55281,2,,,1,55,,55221,2,,,1,15,,55241,2,,,1,15,,55261,2,,,1,15,,55282,2,,,1,55,,55222,2,,,1,15,,55242,2,,,1,15,,55262,2,,,1,15,,55283,2,,,1,55,,55223,2,,,1,15,,55243,2,,,1,15,,55263,2,,,1,15,,55284,2,,,1,55,,55224,2,,,1,15,,55244,2,,,1,15,,55264,2,,,1,15,,55285,2,,,1,55,,55225,2,,,1,15,,55245,2,,,1,15,,55265,2,,,1,15,,55286,2,,,1,55,,55226,2,,,1,15,,55246,2,,,1,15,,55266,2,,,1,15,,55287,2,,,1,55,,55227,2,,,1,15,,55247,2,,,1,15,,55267,2,,,1,15,,55288,2,,,1,55,,55228,2,,,1,15,,55248,2,,,1,15,,55268,2,,,1,15,,55289,2,,,1,55,,55229,2,,,1,15,,55249,2,,,1,15,,55269,2,,,1,15,,55290,2,,,1,55,,55230,2,,,1,15,,55250,2,,,1,15,,55270,2,,,1,15,,55291,2,,,1,55,,55231,2,,,1,15,,55251,2,,,1,15,,55271,2,,,1,15,,55292,2,,,1,55,,55232,2,,,1,15,,55252,2,,,1,15,,55272,2,,,1,15,,55293,2,,,1,55,,55233,2,,,1,15,,55253,2,,,1,15,,55273,2,,,1,15,,55294,2,,,1,55,,55234,2,,,1,15,,55254,2,,,1,15,,55274,2,,,1,15,,55295,2,,,1,55,,55235,2,,,1,15,,55255,2,,,1,15,,55275,2,,,1,15,,55296,2,,,1,55,,55236,2,,,1,15,,55256,2,,,1,15,,55276,2,,,1,15,,55297,2,,,1,55,,55237,2,,,1,15,,55257,2,,,1,15,,55277,2,,,1,15,,55298,2,,,1,55,,55238,2,,,1,15,,55258,2,,,1,15,,55278,2,,,1,15,,55299,2,,,1,55,,55239,2,,,1,15,,55259,2,,,1,15,,55279,2,,,1,15,,55300,2,,,1,55,,55240,2,,,1
0,'20260910',503,,55361,2,,,1,15,,55301,2,,,1,20,,55341,2,,,1,15,,55362,2,,,1,55,,55302,2,,,1,15,,55322,2,,,1,15,,55342,2,,,1,15,,55363,2,,,1,55,,55303,2,,,1,15,,55323,2,,,1,15,,55343,2,,,1,15,,55364,2,,,1,55,,55304,2,,,1,15,,55324,2,,,1,15,,55344,2,,,1,15,,55365,2,,,1,55,,55305,2,,,1,15,,55325,2,,,1,15,,55345,2,,,1,15,,55366,2,,,1,55,,55306,2,,,1,15,,55326,2,,,1,15,,55346,2,,,1,15,,55367,2,,,1,55,,55307,2,,,1,15,,55327,2,,,1,15,,55347,2,,,1,15,,55368,2,,,1,55,,55308,2,,,1,15,,55328,2,,,1,15,,55348,2,,,1,15,,55369,2,,,1,55,,55309,2,,,1,15,,55329,2,,,1,15,,55349,2,,,1,15,,55370,2,,,1,55,,55310,2,,,1,15,,55330,2,,,1,15,,55350,2,,,1,15,,55371,2,,,1,55,,55311,2,,,1,15,,55331,2,,,1,15,,55351,2,,,1,15,,55372,2,,,1,55,,55312,2,,,1,15,,55332,2,,,1,15,,55352,2,,,1,15,,55373,2,,,1,55,,55313,2,,,1,15,,55333,2,,,1,15,,55353,2,,,1,15,,55374,2,,,1,55,,55314,2,,,1,15,,55334,2,,,1,15,,55354,2,,,1,15,,55375,2,,,1,55,,55315,2,,,1,15,,55335,2,,,1,15,,55355,2,,,1,15,,55376,2,,,1,55,,55316,2,,,1,15,,55336,2,,,1,15,,55356,2,,,1,15,,55377,2,,,1,55,,55317,2,,,1,15,,55337,2,,,1,15,,55357,2,,,1,15,,55378,2,,,1,55,,55318,2,,,1,15,,55338,2,,,1,15,,55358,2,,,1,15,,55379,2,,,1,55,,55319,2,,,1,15,,55339,2,,,1,15,,55359,2,,,1,15,,55380,2,,,1,55,,55320,2,,,1,15,,55340,2,,,1,15,,55360,2,,,1,15,,55381,2,,,1,55,,55321,2,,,1
0,'20260911',503,,55442,2,,,1,15,,55382,2,,,1,20,,55422,2,,,1,15,,55443,2,,,1,55,,55383,2,,,1,15,,55403,2,,,1,15,,55423,2,,,1,15,,55444,2,,,1,55,,55384,2,,,1,15,,55404,2,,,1,15,,55424,2,,,1,15,,55445,2,,,1,55,,55385,2,,,1,15,,55405,2,,,1,15,,55425,2,,,1,15,,55446,2,,,1,55,,55386,2,,,1,15,,55406,2,,,1,15,,55426,2,,,1,15,,55447,2,,,1,55,,55387,2,,,1,15,,55407,2,,,1,15,,55427,2,,,1,15,,55448,2,,,1,55,,55388,2,,,1,15,,55408,2,,,1,15,,55428,2,,,1,15,,55449,2,,,1,55,,55389,2,,,1,15,,55409,2,,,1,15,,55429,2,,,1,15,,55450,2,,,1,55,,55390,2,,,1,15,,55410,2,,,1,15,,55430,2,,,1,15,,55451,2,,,1,55,,55391,2,,,1,15,,55411,2,,,1,15,,55431,2,,,1,15,,55452,2,,,1,55,,55392,2,,,1,15,,55412,2,,,1,15,,55432,2,,,1,15,,55453,2,,,1,55,,55393,2,,,1,15,,55413,2,,,1,15,,55433,2,,,1,15,,55454,2,,,1,55,,55394,2,,,1,15,,55414,2,,,1,15,,55434,2,,,1,15,,55455,2,,,1,55,,55395,2,,,1,15,,55415,2,,,1,15,,55435,2,,,1,15,,55456,2,,,1,55,,55396,2,,,1,15,,55416,2,,,1,15,,55436,2,,,1,15,,55457,2,,,1,55,,55397,2,,,1,15,,55417,2,,,1,15,,55437,2,,,1,15,,55458,2,,,1,55,,55398,2,,,1,15,,55418,2,,,1,15,,55438,2,,,1,15,,55459,2,,,1,55,,55399,2,,,1,15,,55419,2,,,1,15,,55439,2,,,1,15,,55460,2,,,1,55,,55400,2,,,1
1,'20260831',546,,67308,4,,,1,55,,67249,4,,,1,12,,67269,4,,,1,15,,67289,4,,,1,15,,67309,4,,,1,15,,67250,4,,,1,55,,67270,4,,,1,15,,67290,4,,,1,15,,67310,4,,,1,15,,67251,4,,,1,55,,67271,4,,,1,15,,67291,4,,,1,15,,67311,4,,,1,15,,67252,4,,,1,55,,67272,4,,,1,15,,67292,4,,,1,15,,67312,4,,,1,15,,67253,4,,,1,55,,67273,4,,,1,15,,67293,4,,,1,15,,67313,4,,,1,15,,67254,4,,,1,55,,67274,4,,,1,15,,67294,4,,,1,15,,67314,4,,,1,15,,67255,4,,,1,55,,67275,4,,,1,15,,67295,4,,,1,15,,67315,4,,,1,15,,67256,4,,,1,55,,67276,4,,,1,15,,67296,4,,,1,15,,67316,4,,,1,15,,67257,4,,,1,55,,67277,4,,,1,15,,67297,4,,,1,15,,67317,4,,,1,15,,67258,4,,,1,55,,67278,4,,,1,15,,67298,4,,,1,15,,67318,4,,,1,15,,67259,4,,,1,55,,67279,4,,,1,15,,67299,4,,,1,15,,67319,4,,,1,15,,67260,4,,,1,55,,67280,4,,,1,15,,67300,4,,,1,15,,67320,4,,,1,15,,67261,4,,,1,55,,67281,4,,,1,15,,67301,4,,,1,15,,67321,4,,,1,15,,67262,4,,,1,55,,67282,4,,,1,15,,67302,4,,,1,15,,67322,4,,,1,15,,67263,4,,,1,55,,67283,4,,,1,15,,67303,4,,,1,15,,67323,4,,,1,15,,67264,4,,,1,55,,67284,4,,,1,15,,67304,4,,,1,15,,67324,4,,,1,15,,67265,4,,,1,55,,67285,4,,,1,15,,67305,4,,,1,15,,67325,4,,,1,15,,67266,4,,,1,55,,67286,4,,,1,15,,67306,4,,,1,15,,67326,4,,,1,15,,67267,4,,,1,55,,67287,4,,,1,15,,67307,4,,,1,15,,67327,4,,,1,15,,67268,4,,,1,55,,67288,4,,,1
1,'20260901',546,,67387,4,,,1,55,,67328,4,,,1,12,,67348,4,,,1,15,,67368,4,,,1,15,,67388,4,,,1,15,,67329,4,,,1,55,,67349,4,,,1,15,,67369,4,,,1,15,,67389,4,,,1,15,,67330,4,,,1,55,,67350,4,,,1,15,,67370,4,,,1,15,,67390,4,,,1,15,,67331,4,,,1,55,,67351,4,,,1,15,,67371,4,,,1,15,,67391,4,,,1,15,,67332,4,,,1,55,,67352,4,,,1,15,,67372,4,,,1,15,,67392,4,,,1,15,,67333,4,,,1,55,,67353,4,,,1,15,,67373,4,,,1,15,,67393,4,,,1,15,,67334,4,,,1,55,,67354,4,,,1,15,,67374,4,,,1,15,,67394,4,,,1,15,,67335,4,,,1,55,,67355,4,,,1,15,,67375,4,,,1,15,,67395,4,,,1,15,,67336,4,,,1,55,,67356,4,,,1,15,,67376,4,,,1,15,,67396,4,,,1,15,,67337,4,,,1,55,,67357,4,,,1,15,,67377,4,,,1,15,,67397,4,,,1,15,,67338,4,,,1,55,,67358,4,,,1,15,,67378,4,,,1,15,,67398,4,,,1,15,,67339,4,,,1,55,,67359,4,,,1,15,,67379,4,,,1,15,,67399,4,,,1,15,,67340,4,,,1,55,,67360,4,,,1,15,,67380,4,,,1,15,,67400,4,,,1,15,,67341,4,,,1,55,,67361,4,,,1,15,,67381,4,,,1,15,,67401,4,,,1,15,,67342,4,,,1,55,,67362,4,,,1,15,,67382,4,,,1,15,,67402,4,,,1,15,,67343,4,,,1,55,,67363,4,,,1,15,,67383,4,,,1,15,,67403,4,,,1,15,,67344,4,,,1,55,,67364,4,,,1,15,,67384,4,,,1,15,,67404,4,,,1,15,,67345,4,,,1,55,,67365,4,,,1,15,,67385,4,,,1,15,,67405,4,,,1,15,,67346,4,,,1,55,,67366,4,,,1,15,,67386,4,,,1,15,,67406,4,,,1,15,,67347,4,,,1,55,,67367,4,,,1
1,'20260902',546,,67466,4,,,1,55,,67407,4,,,1,12,,67427,4,,,1,15,,67447,4,,,1,15,,67467,4,,,1,15,,67408,4,,,1,55,,67428,4,,,1,15,,67448,4,,,1,15,,67468,4,,,1,15,,67409,4,,,1,55,,67429,4,,,1,15,,67449,4,,,1,15,,67469,4,,,1,15,,67410,4,,,1,55,,67430,4,,,1,15,,67450,4,,,1,15,,67470,4,,,1,15,,67411,4,,,1,55,,67431,4,,,1,15,,67451,4,,,1,15,,67471,4,,,1,15,,67412,4,,,1,55,,67432,4,,,1,15,,67452,4,,,1,15,,67472,4,,,1,15,,67413,4,,,1,55,,67433,4,,,1,15,,67453,4,,,1,15,,67473,4,,,1,15,,67414,4,,,1,55,,67434,4,,,1,15,,67454,4,,,1,15,,67474,4,,,1,15,,67415,4,,,1,55,,67435,4,,,1,15,,67455,4,,,1,15,,67475,4,,,1,15,,67416,4,,,1,55,,67436,4,,,1,15,,67456,4,,,1,15,,67476,4,,,1,15,,67417,4,,,1,55,,67437,4,,,1,15,,67457,4,,,1,15,,67477,4,,,1,15,,67418,4,,,1,55,,67438,4,,,1,15,,67458,4,,,1,15,,67478,4,,,1,15,,67419,4,,,1,55,,67439,4,,,1,15,,67459,4,,,1,15,,67479,4,,,1,15,,67420,4,,,1,55,,67440,4,,,1,15,,67460,4,,,1,15,,67480,4,,,1,15,,67421,4,,,1,55,,67441,4,,,1,15,,67461,4,,,1,15,,67481,4,,,1,15,,67422,4,,,1,55,,67442,4,,,1,15,,67462,4,,,1,15,,67482,4,,,1,15,,67423,4,,,1,55,,67443,4,,,1,15,,67463,4,,,1,15,,67483,4,,,1,15,,67424,4,,,1,55,,67444,4,,,1,15,,67464,4,,,1,15,,67484,4,,,1,15,,67425,4,,,1,55,,67445,4,,,1,15,,67465,4,,,1,15,,67485,4,,,1,15,,67426,4,,,1,55,,67446,4,,,1
1,'20260903',546,,67545,4,,,1,55,,67486,4,,,1,12,,67506,4,,,1,15,,67526,4,,,1,15,,67546,4,,,1,15,,67487,4,,,1,55,,67507,4,,,1,15,,67527,4,,,1,15,,67547,4,,,1,15,,67488,4,,,1,55,,67508,4,,,1,15,,67528,4,,,1,15,,67548,4,,,1,15,,67489,4,,,1,55,,67509,4,,,1,15,,67529,4,,,1,15,,67549,4,,,1,15,,67490,4,,,1,55,,67510,4,,,1,15,,67530,4,,,1,15,,67550,4,,,1,15,,67491,4,,,1,55,,67511,4,,,1,15,,67531,4,,,1,15,,67551,4,,,1,15,,67492,4,,,1,55,,67512,4,,,1,15,,67532,4,,,1,15,,67552,4,,,1,15,,67493,4,,,1,55,,67513,4,,,1,15,,67533,4,,,1,15,,67553,4,,,1,15,,67494,4,,,1,55,,67514,4,,,1,15,,67534,4,,,1,15,,67554,4,,,1,15,,67495,4,,,1,55,,67515,4,,,1,15,,67535,4,,,1,15,,67555,4,,,1,15,,67496,4,,,1,55,,67516,4,,,1,15,,67536,4,,,1,15,,67556,4,,,1,15,,67497,4,,,1,55,,67517,4,,,1,15,,67537,4,,,1,15,,67557,4,,,1,15,,67498,4,,,1,55,,67518,4,,,1,15,,67538,4,,,1,15,,67558,4,,,1,15,,67499,4,,,1,55,,67519,4,,,1,15,,67539,4,,,1,15,,67559,4,,,1,15,,67500,4,,,1,55,,67520,4,,,1,15,,67540,4,,,1,15,,67560,4,,,1,15,,67501,4,,,1,55,,67521,4,,,1,15,,67541,4,,,1,15,,67561,4,,,1,15,,67502,4,,,1,55,,67522,4,,,1,15,,67542,4,,,1,15,,67562,4,,,1,15,,67503,4,,,1,55,,67523,4,,,1,15,,67543,4,,,1,15,,67563,4,,,1,15,,67504,4,,,1,55,,67524,4,,,1,15,,67544,4,,,1,15,,67564,4,,,1,15,,67505,4,,,1,55,,67525,4,,,1
1,'20260904',546,,67624,4,,,1,55,,67565,4,,,1,12,,67585,4,,,1,15,,67605,4,,,1,15,,67625,4,,,1,15,,67566,4,,,1,55,,67586,4,,,1,15,,67606,4,,,1,15,,67626,4,,,1,15,,67567,4,,,1,55,,67587,4,,,1,15,,67607,4,,,1,15,,67627,4,,,1,15,,67568,4,,,1,55,,67588,4,,,1,15,,67608,4,,,1,15,,67628,4,,,1,15,,67569,4,,,1,55,,67589,4,,,1,15,,67609,4,,,1,15,,67629,4,,,1,15,,67570,4,,,1,55,,67590,4,,,1,15,,67610,4,,,1,15,,67630,4,,,1,15,,67571,4,,,1,55,,67591,4,,,1,15,,67611,4,,,1,15,,67631,4,,,1,15,,67572,4,,,1,55,,67592,4,,,1,15,,67612,4,,,1,15,,67632,4,,,1,15,,67573,4,,,1,55,,67593,4,,,1,15,,67613,4,,,1,15,,67633,4,,,1,15,,67574,4,,,1,55,,67594,4,,,1,15,,67614,4,,,1,15,,67634,4,,,1,15,,67575,4,,,1,55,,67595,4,,,1,15,,67615,4,,,1,15,,67635,4,,,1,15,,67576,4,,,1,55,,67596,4,,,1,15,,67616,4,,,1,15,,67636,4,,,1,15,,67577,4,,,1,55,,67597,4,,,1,15,,67617,4,,,1,15,,67637,4,,,1,15,,67578,4,,,1,55,,67598,4,,,1,15,,67618,4,,,1,15,,67638,4,,,1,15,,67579,4,,,1,55,,67599,4,,,1,15,,67619,4,,,1,15,,67639,4,,,1,15,,67580,4,,,1,55,,67600,4,,,1,15,,67620,4,,,1,15,,67640,4,,,1,15,,67581,4,,,1,55,,67601,4,,,1,15,,67621,4,,,1,15,,67641,4,,,1,15,,67582,4,,,1,55,,67602,4,,,1,15,,67622,4,,,1,15,,67642,4,,,1,15,,67583,4,,,1,55,,67603,4,,,1,15,,67623,4,,,1,15,,67643,4,,,1,15,,67584,4,,,1,55,,67604,4,,,1
1,'20260905',643,,67700,4,,,1,15,,67644,4,,,1,55,,67663,4,,,1,15,,67682,4,,,1,15,,67701,4,,,1,15,,67645,4,,,1,55,,67664,4,,,1,15,,67683,4,,,1,15,,67702,4,,,1,15,,67646,4,,,1,55,,67665,4,,,1,15,,67684,4,,,1,15,,67703,4,,,1,15,,67647,4,,,1,55,,67666,4,,,1,15,,67685,4,,,1,15,,67704,4,,,1,15,,67648,4,,,1,55,,67667,4,,,1,15,,67686,4,,,1,15,,67705,4,,,1,15,,67649,4,,,1,55,,67668,4,,,1,15,,67687,4,,,1,15,,67706,4,,,1,15,,67650,4,,,1,55,,67669,4,,,1,15,,67688,4,,,1,15,,67707,4,,,1,15,,67651,4,,,1,55,,67670,4,,,1,15,,67689,4,,,1,15,,67708,4,,,1,15,,67652,4,,,1,55,,67671,4,,,1,15,,67690,4,,,1,15,,67709,4,,,1,15,,67653,4,,,1,55,,67672,4,,,1,15,,67691,4,,,1,15,,67710,4,,,1,15,,67654,4,,,1,55,,67673,4,,,1,15,,67692,4,,,1,15,,67711,4,,,1,15,,67655,4,,,1,55,,67674,4,,,1,15,,67693,4,,,1,15,,67712,4,,,1,15,,67656,4,,,1,55,,67675,4,,,1,15,,67694,4,,,1,15,,67713,4,,,1,15,,67657,4,,,1,55,,67676,4,,,1,15,,67695,4,,,1,15,,67714,4,,,1,15,,67658,4,,,1,55,,67677,4,,,1,15,,67696,4,,,1,15,,67715,4,,,1,15,,67659,4,,,1,55,,67678,4,,,1,15,,67697,4,,,1,15,,67716,4,,,1,15,,67660,4,,,1,55,,67679,4,,,1,15,,67698,4,,,1,15,,67717,4,,,1,15,,67661,4,,,1,55,,67680,4,,,1,15,,67699,4,,,1,15,,67718,4,,,1,15,,67662,4,,,1,55,,67681,4,,,1
1,'20260906',643,,67775,4,,,1,15,,67719,4,,,1,55,,67738,4,,,1,15,,67757,4,,,1,15,,67776,4,,,1,15,,67720,4,,,1,55,,67739,4,,,1,15,,67758,4,,,1,15,,67777,4,,,1,15,,67721,4,,,1,55,,67740,4,,,1,15,,67759,4,,,1,15,,67778,4,,,1,15,,67722,4,,,1,55,,67741,4,,,1,15,,67760,4,,,1,15,,67779,4,,,1,15,,67723,4,,,1,55,,67742,4,,,1,15,,67761,4,,,1,15,,67780,4,,,1,15,,67724,4,,,1,55,,67743,4,,,1,15,,67762,4,,,1,15,,67781,4,,,1,15,,67725,4,,,1,55,,67744,4,,,1,15,,67763,4,,,1,15,,67782,4,,,1,15,,67726,4,,,1,55,,67745,4,,,1,15,,67764,4,,,1,15,,67783,4,,,1,15,,67727,4,,,1,55,,67746,4,,,1,15,,67765,4,,,1,15,,67784,4,,,1,15,,67728,4,,,1,55,,67747,4,,,1,15,,67766,4,,,1,15,,67785,4,,,1,15,,67729,4,,,1,55,,67748,4,,,1,15,,67767,4,,,1,15,,67786,4,,,1,15,,67730,4,,,1,55,,67749,4,,,1,15,,67768,4,,,1,15,,67787,4,,,1,15,,67731,4,,,1,55,,67750,4,,,1,15,,67769,4,,,1,15,,67788,4,,,1,15,,67732,4,,,1,55,,67751,4,,,1,15,,67770,4,,,1,15,,67789,4,,,1,15,,67733,4,,,1,55,,67752,4,,,1,15,,67771,4,,,1,15,,67790,4,,,1,15,,67734,4,,,1,55,,67753,4,,,1,15,,67772,4,,,1,15,,67791,4,,,1,15,,67735,4,,,1,55,,67754,4,,,1,15,,67773,4,,,1,15,,67792,4,,,1,15,,67736,4,,,1,55,,67755,4,,,1,15,,67774,4,,,1,15,,67793,4,,,1,15,,67737,4,,,1,55,,67756,4,,,1
1,'20260907',643,,67854,4,,,1,15,,67795,4,,,1,55,,67815,4,,,1,15,,67835,4,,,1,15,,67855,4,,,1,15,,67796,4,,,1,55,,67816,4,,,1,15,,67836,4,,,1,15,,67856,4,,,1,15,,67797,4,,,1,55,,67817,4,,,1,15,,67837,4,,,1,15,,67857,4,,,1,15,,67798,4,,,1,55,,67818,4,,,1,15,,67838,4,,,1,15,,67858,4,,,1,15,,67799,4,,,1,55,,67819,4,,,1,15,,67839,4,,,1,15,,67859,4,,,1,15,,67800,4,,,1,55,,67820,4,,,1,15,,67840,4,,,1,15,,67860,4,,,1,15,,67801,4,,,1,55,,67821,4,,,1,15,,67841,4,,,1,15,,67861,4,,,1,15,,67802,4,,,1,55,,67822,4,,,1,15,,67842,4,,,1,15,,67862,4,,,1,15,,67803,4,,,1,55,,67823,4,,,1,15,,67843,4,,,1,15,,67863,4,,,1,15,,67804,4,,,1,55,,67824,4,,,1,15,,67844,4,,,1,15,,67864,4,,,1,15,,67805,4,,,1,55,,67825,4,,,1,15,,67845,4,,,1,15,,67865,4,,,1,15,,67806,4,,,1,55,,67826,4,,,1,15,,67846,4,,,1,15,,67866,4,,,1,15,,67807,4,,,1,55,,67827,4,,,1,15,,67847,4,,,1,15,,67867,4,,,1,15,,67808,4,,,1,55,,67828,4,,,1,15,,67848,4,,,1,15,,67868,4,,,1,15,,67809,4,,,1,55,,67829,4,,,1,15,,67849,4,,,1,15,,67869,4,,,1,15,,67810,4,,,1,55,,67830,4,,,1,15,,67850,4,,,1,15,,67870,4,,,1,15,,67811,4,,,1,55,,67831,4,,,1,15,,67851,4,,,1,15,,67871,4,,,1,15,,67812,4,,,1,55,,67832,4,,,1,15,,67852,4,,,1,15,,67872,4,,,1,15,,67813,4,,,1,55,,67833,4,,,1
1,'20260908',546,,67932,4,,,1,55,,67873,4,,,1,12,,67893,4,,,1,15,,67913,4,,,1,15,,67933,4,,,1,15,,67874,4,,,1,55,,67894,4,,,1,15,,67914,4,,,1,15,,67934,4,,,1,15,,67875,4,,,1,55,,67895,4,,,1,15,,67915,4,,,1,15,,67935,4,,,1,15,,67876,4,,,1,55,,67896,4,,,1,15,,67916,4,,,1,15,,67936,4,,,1,15,,67877,4,,,1,55,,67897,4,,,1,15,,67917,4,,,1,15,,67937,4,,,1,15,,67878,4,,,1,55,,67898,4,,,1,15,,67918,4,,,1,15,,67938,4,,,1,15,,67879,4,,,1,55,,67899,4,,,1,15,,67919,4,,,1,15,,67939,4,,,1,15,,67880,4,,,1,55,,67900,4,,,1,15,,67920,4,,,1,15,,67940,4,,,1,15,,67881,4,,,1,55,,67901,4,,,1,15,,67921,4,,,1,15,,67941,4,,,1,15,,67882,4,,,1,55,,67902,4,,,1,15,,67922,4,,,1,15,,67942,4,,,1,15,,67883,4,,,1,55,,67903,4,,,1,15,,67923,4,,,1,15,,67943,4,,,1,15,,67884,4,,,1,55,,67904,4,,,1,15,,67924,4,,,1,15,,67944,4,,,1,15,,67885,4,,,1,55,,67905,4,,,1,15,,67925,4,,,1,15,,67945,4,,,1,15,,67886,4,,,1,55,,67906,4,,,1,15,,67926,4,,,1,15,,67946,4,,,1,15,,67887,4,,,1,55,,67907,4,,,1,15,,67927,4,,,1,15,,67947,4,,,1,15,,67888,4,,,1,55,,67908,4,,,1,15,,67928,4,,,1,15,,67948,4,,,1,15,,67889,4,,,1,55,,67909,4,,,1,15,,67929,4,,,1,15,,67949,4,,,1,15,,67890,4,,,1,55,,67910,4,,,1,15,,67930,4,,,1,15,,67950,4,,,1,15,,67891,4,,,1,55,,67911,4,,,1,15,,67931,4,,,1,15,,67951,4,,,1,15,,67892,4,,,1,55,,67912,4,,,1
1,'20260909',546,,68011,4,,,1,55,,67952,4,,,1,12,,67972,4,,,1,15,,67992,4,,,1,15,,68012,4,,,1,15,,67953,4,,,1,55,,67973,4,,,1,15,,67993,4,,,1,15,,68013,4,,,1,15,,67954,4,,,1,55,,67974,4,,,1,15,,67994,4,,,1,15,,68014,4,,,1,15,,67955,4,,,1,55,,67975,4,,,1,15,,67995,4,,,1,15,,68015,4,,,1,15,,67956,4,,,1,55,,67976,4,,,1,15,,67996,4,,,1,15,,68016,4,,,1,15,,67957,4,,,1,55,,67977,4,,,1,15,,67997,4,,,1,15,,68017,4,,,1,15,,67958,4,,,1,55,,67978,4,,,1,15,,67998,4,,,1,15,,68018,4,,,1,15,,67959,4,,,1,55,,67979,4,,,1,15,,67999,4,,,1,15,,68019,4,,,1,15,,67960,4,,,1,55,,67980,4,,,1,15,,68000,4,,,1,15,,68020,4,,,1,15,,67961,4,,,1,55,,67981,4,,,1,15,,68001,4,,,1,15,,68021,4,,,1,15,,67962,4,,,1,55,,67982,4,,,1,15,,68002,4,,,1,15,,68022,4,,,1,15,,67963,4,,,1,55,,67983,4,,,1,15,,68003,4,,,1,15,,68023,4,,,1,15,,67964,4,,,1,55,,67984,4,,,1,15,,68004,4,,,1,15,,68024,4,,,1,15,,67965,4,,,1,55,,67985,4,,,1,15,,68005,4,,,1,15,,68025,4,,,1,15,,67966,4,,,1,55,,67986,4,,,1,15,,68006,4,,,1,15,,68026,4,,,1,15,,67967,4,,,1,55,,67987,4,,,1,15,,68007,4,,,1,15,,68027,4,,,1,15,,67968,4,,,1,55,,67988,4,,,1,15,,68008,4,,,1,15,,68028,4,,,1,15,,67969,4,,,1,55,,67989,4,,,1,15,,68009,4,,,1,15,,68029,4,,,1,15,,67970,4,,,1,55,,67990,4,,,1,15,,68010,4,,,1,15,,68030,4,,,1,15,,67971,4,,,1,55,,67991,4,,,1
1,'20260910',546,,68090,4,,,1,55,,68031,4,,,1,12,,68051,4,,,1,15,,68071,4,,,1,15,,68091,4,,,1,15,,68032,4,,,1,55,,68052,4,,,1,15,,68072,4,,,1,15,,68092,4,,,1,15,,68033,4,,,1,55,,68053,4,,,1,15,,68073,4,,,1,15,,68093,4,,,1,15,,68034,4,,,1,55,,68054,4,,,1,15,,68074,4,,,1,15,,68094,4,,,1,15,,68035,4,,,1,55,,68055,4,,,1,15,,68075,4,,,1,15,,68095,4,,,1,15,,68036,4,,,1,55,,68056,4,,,1,15,,68076,4,,,1,15,,68096,4,,,1,15,,68037,4,,,1,55,,68057,4,,,1,15,,68077,4,,,1,15,,68097,4,,,1,15,,68038,4,,,1,55,,68058,4,,,1,15,,68078,4,,,1,15,,68098,4,,,1,15,,68039,4,,,1,55,,68059,4,,,1,15,,68079,4,,,1,15,,68099,4,,,1,15,,68040,4,,,1,55,,68060,4,,,1,15,,68080,4,,,1,15,,68100,4,,,1,15,,68041,4,,,1,55,,68061,4,,,1,15,,68081,4,,,1,15,,68101,4,,,1,15,,68042,4,,,1,55,,68062,4,,,1,15,,68082,4,,,1,15,,68102,4,,,1,15,,68043,4,,,1,55,,68063,4,,,1,15,,68083,4,,,1,15,,68103,4,,,1,15,,68044,4,,,1,55,,68064,4,,,1,15,,68084,4,,,1,15,,68104,4,,,1,15,,68045,4,,,1,55,,68065,4,,,1,15,,68085,4,,,1,15,,68105,4,,,1,15,,68046,4,,,1,55,,68066,4,,,1,15,,68086,4,,,1,15,,68106,4,,,1,15,,68047,4,,,1,55,,68067,4,,,1,15,,68087,4,,,1,15,,68107,4,,,1,15,,68048,4,,,1,55,,68068,4,,,1,15,,68088,4,,,1,15,,68108,4,,,1,15,,68049,4,,,1,55,,68069,4,,,1,15,,68089,4,,,1,15,,68109,4,,,1,15,,68050,4,,,1,55,,68070,4,,,1
1,'20260911',546,,68169,4,,,1,55,,68110,4,,,1,12,,68130,4,,,1,15,,68150,4,,,1,15,,68170,4,,,1,15,,68111,4,,,1,55,,68131,4,,,1,15,,68151,4,,,1,15,,68171,4,,,1,15,,68112,4,,,1,55,,68132,4,,,1,15,,68152,4,,,1,15,,68172,4,,,1,15,,68113,4,,,1,55,,68133,4,,,1,15,,68153,4,,,1,15,,68173,4,,,1,15,,68114,4,,,1,55,,68134,4,,,1,15,,68154,4,,,1,15,,68174,4,,,1,15,,68115,4,,,1,55,,68135,4,,,1,15,,68155,4,,,1,15,,68175,4,,,1,15,,68116,4,,,1,55,,68136,4,,,1,15,,68156,4,,,1,15,,68176,4,,,1,15,,68117,4,,,1,55,,68137,4,,,1,15,,68157,4,,,1,15,,68177,4,,,1,15,,68118,4,,,1,55,,68138,4,,,1,15,,68158,4,,,1,15,,68178,4,,,1,15,,68119,4,,,1,55,,68139,4,,,1,15,,68159,4,,,1,15,,68179,4,,,1,15,,68120,4,,,1,55,,68140,4,,,1,15,,68160,4,,,1,15,,68180,4,,,1,15,,68121,4,,,1,55,,68141,4,,,1,15,,68161,4,,,1,15,,68181,4,,,1,15,,68122,4,,,1,55,,68142,4,,,1,15,,68162,4,,,1,15,,68182,4,,,1,15,,68123,4,,,1,55,,68143,4,,,1,15,,68163,4,,,1,15,,68183,4,,,1,15,,68124,4,,,1,55,,68144,4,,,1,15,,68164,4,,,1,15,,68184,4,,,1,15,,68125,4,,,1,55,,68145,4,,,1,15,,68165,4,,,1,15,,68185,4,,,1,15,,68126,4,,,1,55,,68146,4,,,1,15,,68166,4,,,1,15,,68186,4,,,1,15,,68127,4,,,1,55,,68147,4,,,1,15,,68167,4,,,1,15,,68187,4,,,1,15,,68128,4,,,1
