0,'20260903',523,,54802,5,4,,1,15,,54742,5,4,,1,20,,54782,5,4,,1,55,,54803,5,4,,1,15,,54743,5,4,,1,15,,54763,5,4,,1,15,,54783,5,4,,1,55,,54804,5,4,,1,15,,54744,5,4,,1,15,,54764,5,4,,1,15,,54784,5,4,,1,55,,54805,5,4,,1,15,,54745,5,4,,1,15,,54765,5,4,,1,15,,54785,5,4,,1,55,,54806,5,4,,1,15,,54746,5,4,,1,15,,54766,5,4,,1,15,,54786,5,4,,1,55,,54807,5,4,,1,15,,54747,5,4,,1,15,,54767,5,4,,1,15,,54787,5,4,,1,55,,54808,5,4,,1,15,,54748,5,4,,1,15,,54768,5,4,,1,15,,54788,5,4,,1,55,,54809,5,4,,1,15,,54749,5,4,,1,15,,54769,5,4,,1,15,,54789,5,4,,1,55,,54810,5,4,,1,15,,54750,5,4,,1,15,,54770,5,4,,1,15,,54790,5,4,,1,55,,54811,5,4,,1,15,,54751,5,4,,1,15,,54771,5,4,,1,15,,54791,5,4,,1,55,,54812,5,4,,1,15,,54752,5,4,,1,15,,54772,5,4,,1,15,,54792,5,4,,1,55,,54813,5,4,,1,15,,54753,5,4,,1,15,,54773,5,4,,1,15,,54793,5,4,,1,55,,54814,5,4,,1,15,,54754,5,4,,1,15,,54774,5,4,,1,15,,54794,5,4,,1,55,,54815,5,4,,1,15,,54755,5,4,,1,15,,54775,5,4,,1,15,,54795,5,4,,1,55,,54816,5,4,,1,15,,54756,5,4,,1,15,,54776,5,4,,1,15,,54796,5,4,,1,55,,54817,5,4,,1,15,,54757,5,4,,1,15,,54777,5,4,,1,15,,54797,5,4,,1,55,,54818,5,4,,1,15,,54758,5,4,,1,15,,54778,5,4,,1,15,,54798,5,4,,1,55,,54819,5,4,,1,15,,54759,5,4,,1,15,,54779,5,4,,1,15,,54799,5,4,,1,55,,54820,5,4,,1,15,,54760,5,4,,1,15,,54780,5,4,,1,15,,54800,5,4,,1,55,,54821,5,4,,1,15,,54761,5,4,,1,15,,54781,5,4,,1,15,,54801,5,4,,1,55,,54822,5,4,,1,15,,54762,5,4,,1
0,'20260904',523,,54883,5,4,,1,15,,54823,5,4,,1,20,,54863,5,4,,1,55,,54884,5,4,,1,15,,54824,5,4,,1,15,,54844,5,4,,1,15,,54864,5,4,,1,55,,54885,5,4,,1,15,,54825,5,4,,1,15,,54845,5,4,,1,15,,54865,5,4,,1,55,,54886,5,4,,1,15,,54826,5,4,,1,15,,54846,5,4,,1,15,,54866,5,4,,1,55,,54887,5,4,,1,15,,54827,5,4,,1,15,,54847,5,4,,1,15,,54867,5,4,,1,55,,54888,5,4,,1,15,,54828,5,4,,1,15,,54848,5,4,,1,15,,54868,5,4,,1,55,,54889,5,4,,1,15,,54829,5,4,,1,15,,54849,5,4,,1,15,,54869,5,4,,1,55,,54890,5,4,,1,15,,54830,5,4,,1,15,,54850,5,4,,1,15,,54870,5,4,,1,55,,54891,5,4,,1,15,,54831,5,4,,1,15,,54851,5,4,,1,15,,54871,5,4,,1,55,,54892,5,4,,1,15,,54832,5,4,,1,15,,54852,5,4,,1,15,,54872,5,4,,1,55,,54893,5,4,,1,15,,54833,5,4,,1,15,,54853,5,4,,1,15,,54873,5,4,,1,55,,54894,5,4,,1,15,,54834,5,4,,1,15,,54854,5,4,,1,15,,54874,5,4,,1,55,,54895,5,4,,1,15,,54835,5,4,,1,15,,54855,5,4,,1,15,,54875,5,4,,1,55,,54896,5,4,,1,15,,54836,5,4,,1,15,,54856,5,4,,1,15,,54876,5,4,,1,55,,54897,5,4,,1,15,,54837,5,4,,1,15,,54857,5,4,,1,15,,54877,5,4,,1,55,,54898,5,4,,1,15,,54838,5,4,,1,15,,54858,5,4,,1,15,,54878,5,4,,1,55,,54899,5,4,,1,15,,54839,5,4,,1,15,,54859,5,4,,1,15,,54879,5,4,,1,55,,54900,5,4,,1,15,,54840,5,4,,1,15,,54860,5,4,,1,15,,54880,5,4,,1,55,,54901,5,4,,1,15,,54841,5,4,,1,15,,54861,5,4,,1,15,,54881,5,4,,1,55,,54902,5,4,,1,15,,54842,5,4,,1,15,,54862,5,4,,1,15,,54882,5,4,,1,55,,54903,5,4,,1,15,,54843,5,4,,1
0,'20260905',628,,54904,5,4,,1,15,,54924,5,4,,1,15,,54943,5,4,,1,55,,54962,5,4,,1,15,,54905,5,4,,1,15,,54925,5,4,,1,15,,54944,5,4,,1,55,,54963,5,4,,1,15,,54906,5,4,,1,15,,54926,5,4,,1,15,,54945,5,4,,1,55,,54964,5,4,,1,15,,54907,5,4,,1,15,,54927,5,4,,1,15,,54946,5,4,,1,55,,54965,5,4,,1,15,,54908,5,4,,1,15,,54928,5,4,,1,15,,54947,5,4,,1,55,,54966,5,4,,1,15,,54909,5,4,,1,15,,54929,5,4,,1,15,,54948,5,4,,1,55,,54967,5,4,,1,15,,54910,5,4,,1,15,,54930,5,4,,1,15,,54949,5,4,,1,55,,54968,5,4,,1,15,,54911,5,4,,1,15,,54931,5,4,,1,15,,54950,5,4,,1,55,,54969,5,4,,1,15,,54912,5,4,,1,15,,54932,5,4,,1,15,,54951,5,4,,1,55,,54970,5,4,,1,15,,54913,5,4,,1,15,,54933,5,4,,1,15,,54952,5,4,,1,55,,54971,5,4,,1,15,,54914,5,4,,1,15,,54934,5,4,,1,15,,54953,5,4,,1,55,,54972,5,4,,1,15,,54915,5,4,,1,15,,54935,5,4,,1,15,,54954,5,4,,1,55,,54973,5,4,,1,15,,54916,5,4,,1,15,,54936,5,4,,1,15,,54955,5,4,,1,55,,54974,5,4,,1,15,,54917,5,4,,1,15,,54937,5,4,,1,15,,54956,5,4,,1,55,,54975,5,4,,1,15,,54918,5,4,,1,15,,54938,5,4,,1,15,,54957,5,4,,1,55,,54976,5,4,,1,15,,54919,5,4,,1,15,,54939,5,4,,1,15,,54958,5,4,,1,55,,54977,5,4,,1,15,,54920,5,4,,1,15,,54940,5,4,,1,15,,54959,5,4,,1,55,,54978,5,4,,1,15,,54921,5,4,,1,15,,54941,5,4,,1,15,,54960,5,4,,1,55,,54979,5,4,,1,15,,54922,5,4,,1,15,,54942,5,4,,1,15,,54961,5,4,,1,55,,54980,5,4,,1,15,,54923,5,4,,1
0,'20260906',628,,54981,5,4,,1,15,,55001,5,4,,1,15,,55020,5,4,,1,55,,55039,5,4,,1,15,,54982,5,4,,1,15,,55002,5,4,,1,15,,55021,5,4,,1,55,,55040,5,4,,1,15,,54983,5,4,,1,15,,55003,5,4,,1,15,,55022,5,4,,1,55,,55041,5,4,,1,15,,54984,5,4,,1,15,,55004,5,4,,1,15,,55023,5,4,,1,55,,55042,5,4,,1,15,,54985,5,4,,1,15,,55005,5,4,,1,15,,55024,5,4,,1,55,,55043,5,4,,1,15,,54986,5,4,,1,15,,55006,5,4,,1,15,,55025,5,4,,1,55,,55044,5,4,,1,15,,54987,5,4,,1,15,,55007,5,4,,1,15,,55026,5,4,,1,55,,55045,5,4,,1,15,,54988,5,4,,1,15,,55008,5,4,,1,15,,55027,5,4,,1,55,,55046,5,4,,1,15,,54989,5,4,,1,15,,55009,5,4,,1,15,,55028,5,4,,1,55,,55047,5,4,,1,15,,54990,5,4,,1,15,,55010,5,4,,1,15,,55029,5,4,,1,55,,55048,5,4,,1,15,,54991,5,4,,1,15,,55011,5,4,,1,15,,55030,5,4,,1,55,,55049,5,4,,1,15,,54992,5,4,,1,15,,55012,5,4,,1,15,,55031,5,4,,1,55,,55050,5,4,,1,15,,54993,5,4,,1,15,,55013,5,4,,1,15,,55032,5,4,,1,55,,55051,5,4,,1,15,,54994,5,4,,1,15,,55014,5,4,,1,15,,55033,5,4,,1,55,,55052,5,4,,1,15,,54995,5,4,,1,15,,55015,5,4,,1,15,,55034,5,4,,1,55,,55053,5,4,,1,15,,54996,5,4,,1,15,,55016,5,4,,1,15,,55035,5,4,,1,55,,55054,5,4,,1,15,,54997,5,4,,1,15,,55017,5,4,,1,15,,55036,5,4,,1,55,,55055,5,4,,1,15,,54998,5,4,,1,15,,55018,5,4,,1,15,,55037,5,4,,1,55,,55056,5,4,,1,15,,54999,5,4,,1,15,,55019,5,4,,1,15,,55038,5,4,,1,55,,55057,5,4,,1,15,,55000,5,4,,1
0,'20260907',628,,55059,5,4,,1,15,,55079,5,4,,1,15,,55099,5,4,,1,55,,55120,5,4,,1,15,,55060,5,4,,1,15,,55080,5,4,,1,15,,55100,5,4,,1,55,,55121,5,4,,1,15,,55061,5,4,,1,15,,55081,5,4,,1,15,,55101,5,4,,1,55,,55122,5,4,,1,15,,55062,5,4,,1,15,,55082,5,4,,1,15,,55102,5,4,,1,55,,55123,5,4,,1,15,,55063,5,4,,1,15,,55083,5,4,,1,15,,55103,5,4,,1,55,,55124,5,4,,1,15,,55064,5,4,,1,15,,55084,5,4,,1,15,,55104,5,4,,1,55,,55125,5,4,,1,15,,55065,5,4,,1,15,,55085,5,4,,1,15,,55105,5,4,,1,55,,55126,5,4,,1,15,,55066,5,4,,1,15,,55086,5,4,,1,15,,55106,5,4,,1,55,,55127,5,4,,1,15,,55067,5,4,,1,15,,55087,5,4,,1,15,,55107,5,4,,1,55,,55128,5,4,,1,15,,55068,5,4,,1,15,,55088,5,4,,1,15,,55108,5,4,,1,55,,55129,5,4,,1,15,,55069,5,4,,1,15,,55089,5,4,,1,15,,55109,5,4,,1,55,,55130,5,4,,1,15,,55070,5,4,,1,15,,55090,5,4,,1,15,,55110,5,4,,1,55,,55131,5,4,,1,15,,55071,5,4,,1,15,,55091,5,4,,1,15,,55111,5,4,,1,55,,55132,5,4,,1,15,,55072,5,4,,1,15,,55092,5,4,,1,15,,55112,5,4,,1,55,,55133,5,4,,1,15,,55073,5,4,,1,15,,55093,5,4,,1,15,,55113,5,4,,1,55,,55134,5,4,,1,15,,55074,5,4,,1,15,,55094,5,4,,1,15,,55114,5,4,,1,55,,55135,5,4,,1,15,,55075,5,4,,1,15,,55095,5,4,,1,15,,55115,5,4,,1,55,,55136,5,4,,1,15,,55076,5,4,,1,15,,55096,5,4,,1,15,,55116,5,4,,1,55,,55137,5,4,,1,15,,55077,5,4,,1,15,,55097,5,4,,1,15,,55117,5,4,,1,55,,55138,5,4,,1,15,,55078,5,4,,1
0,'20260908',523,,55199,5,4,,1,15,,55139,5,4,,1,20,,55179,5,4,,1,55,,55200,5,4,,1,15,,55140,5,4,,1,15,,55160,5,4,,1,15,,55180,5,4,,1,55,,55201,5,4,,1,15,,55141,5,4,,1,15,,55161,5,4,,1,15,,55181,5,4,,1,55,,55202,5,4,,1,15,,55142,5,4,,1,15,,55162,5,4,,1,15,,55182,5,4,,1,55,,55203,5,4,,1,15,,55143,5,4,,1,15,,55163,5,4,,1,15,,55183,5,4,,1,55,,55204,5,4,,1,15,,55144,5,4,,1,15,,55164,5,4,,1,15,,55184,5,4,,1,55,,55205,5,4,,1,15,,55145,5,4,,1,15,,55165,5,4,,1,15,,55185,5,4,,1,55,,55206,5,4,,1,15,,55146,5,4,,1,15,,55166,5,4,,1,15,,55186,5,4,,1,55,,55207,5,4,,1,15,,55147,5,4,,1,15,,55167,5,4,,1,15,,55187,5,4,,1,55,,55208,5,4,,1,15,,55148,5,4,,1,15,,55168,5,4,,1,15,,55188,5,4,,1,55,,55209,5,4,,1,15,,55149,5,4,,1,15,,55169,5,4,,1,15,,55189,5,4,,1,55,,55210,5,4,,1,15,,55150,5,4,,1,15,,55170,5,4,,1,15,,55190,5,4,,1,55,,55211,5,4,,1,15,,55151,5,4,,1,15,,55171,5,4,,1,15,,55191,5,4,,1,55,,55212,5,4,,1,15,,55152,5,4,,1,15,,55172,5,4,,1,15,,55192,5,4,,1,55,,55213,5,4,,1,15,,55153,5,4,,1,15,,55173,5,4,,1,15,,55193,5,4,,1,55,,55214,5,4,,1,15,,55154,5,4,,1,15,,55174,5,4,,1,15,,55194,5,4,,1,55,,55215,5,4,,1,15,,55155,5,4,,1,15,,55175,5,4,,1,15,,55195,5,4,,1,55,,55216,5,4,,1,15,,55156,5,4,,1,15,,55176,5,4,,1,15,,55196,5,4,,1,55,,55217,5,4,,1,15,,55157,5,4,,1,15,,55177,5,4,,1,15,,55197,5,4,,1,55,,55218,5,4,,1,15,,55158,5,4,,1,15,,55178,5,4,,1,15,,55198,5,4,,1,55,,55219,5,4,,1,15,,55159,5,4,,1
0,'20260909',523,,55280,5,4,,1,15,,55220,5,4,,1,20,,55260,5,4,,1,55,,55281,5,4,,1,15,,55221,5,4,,1,15,,55241,5,4,,1,15,,55261,5,4,,1,55,,55282,5,4,,1,15,,55222,5,4,,1,15,,55242,5,4,,1,15,,55262,5,4,,1,55,,55283,5,4,,1,15,,55223,5,4,,1,15,,55243,5,4,,1,15,,55263,5,4,,1,55,,55284,5,4,,1,15,,55224,5,4,,1,15,,55244,5,4,,1,15,,55264,5,4,,1,55,,55285,5,4,,1,15,,55225,5,4,,1,15,,55245,5,4,,1,15,,55265,5,4,,1,55,,55286,5,4,,1,15,,55226,5,4,,1,15,,55246,5,4,,1,15,,55266,5,4,,1,55,,55287,5,4,,1,15,,55227,5,4,,1,15,,55247,5,4,,1,15,,55267,5,4,,1,55,,55288,5,4,,1,15,,55228,5,4,,1,15,,55248,5,4,,1,15,,55268,5,4,,1,55,,55289,5,4,,1,15,,55229,5,4,,1,15,,55249,5,4,,1,15,,55269,5,4,,1,55,,55290,5,4,,1,15,,55230,5,4,,1,15,,55250,5,4,,1,15,,55270,5,4,,1,55,,55291,5,4,,1,15,,55231,5,4,,1,15,,55251,5,4,,1,15,,55271,5,4,,1,55,,55292,5,4,,1,15,,55232,5,4,,1,15,,55252,5,4,,1,15,,55272,5,4,,1,55,,55293,5,4,,1,15,,55233,5,4,,1,15,,55253,5,4,,1,15,,55273,5,4,,1,55,,55294,5,4,,1,15,,55234,5,4,,1,15,,55254,5,4,,1,15,,55274,5,4,,1,55,,55295,5,4,,1,15,,55235,5,4,,1,15,,55255,5,4,,1,15,,55275,5,4,,1,55,,55296,5,4,,1,15,,55236,5,4,,1,15,,55256,5,4,,1,15,,55276,5,4,,1,55,,55297,5,4,,1,15,,55237,5,4,,1,15,,55257,5,4,,1,15,,55277,5,4,,1,55,,55298,5,4,,1,15,,55238,5,4,,1,15,,55258,5,4,,1,15,,55278,5,4,,1,55,,55299,5,4,,1,15,,55239,5,4,,1,15,,55259,5,4,,1,15,,55279,5,4,,1,55,,55300,5,4,,1,15,,55240,5,4,,1
0,'20260910',523,,55361,5,4,,1,15,,55301,5,4,,1,20,,55341,5,4,,1,55,,55362,5,4,,1,15,,55302,5,4,,1,15,,55322,5,4,,1,15,,55342,5,4,,1,55,,55363,5,4,,1,15,,55303,5,4,,1,15,,55323,5,4,,1,15,,55343,5,4,,1,55,,55364,5,4,,1,15,,55304,5,4,,1,15,,55324,5,4,,1,15,,55344,5,4,,1,55,,55365,5,4,,1,15,,55305,5,4,,1,15,,55325,5,4,,1,15,,55345,5,4,,1,55,,55366,5,4,,1,15,,55306,5,4,,1,15,,55326,5,4,,1,15,,55346,5,4,,1,55,,55367,5,4,,1,15,,55307,5,4,,1,15,,55327,5,4,,1,15,,55347,5,4,,1,55,,55368,5,4,,1,15,,55308,5,4,,1,15,,55328,5,4,,1,15,,55348,5,4,,1,55,,55369,5,4,,1,15,,55309,5,4,,1,15,,55329,5,4,,1,15,,55349,5,4,,1,55,,55370,5,4,,1,15,,55310,5,4,,1,15,,55330,5,4,,1,15,,55350,5,4,,1,55,,55371,5,4,,1,15,,55311,5,4,,1,15,,55331,5,4,,1,15,,55351,5,4,,1,55,,55372,5,4,,1,15,,55312,5,4,,1,15,,55332,5,4,,1,15,,55352,5,4,,1,55,,55373,5,4,,1,15,,55313,5,4,,1,15,,55333,5,4,,1,15,,55353,5,4,,1,55,,55374,5,4,,1,15,,55314,5,4,,1,15,,55334,5,4,,1,15,,55354,5,4,,1,55,,55375,5,4,,1,15,,55315,5,4,,1,15,,55335,5,4,,1,15,,55355,5,4,,1,55,,55376,5,4,,1,15,,55316,5,4,,1,15,,55336,5,4,,1,15,,55356,5,4,,1,55,,55377,5,4,,1,15,,55317,5,4,,1,15,,55337,5,4,,1,15,,55357,5,4,,1,55,,55378,5,4,,1,15,,55318,5,4,,1,15,,55338,5,4,,1,15,,55358,5,4,,1,55,,55379,5,4,,1,15,,55319,5,4,,1,15,,55339,5,4,,1,15,,55359,5,4,,1,55,,55380,5,4,,1,15,,55320,5,4,,1,15,,55340,5,4,,1,15,,55360,5,4,,1,55,,55381,5,4,,1,15,,55321,5,4,,1
0,'20260911',523,,55442,5,4,,1,15,,55382,5,4,,1,20,,55422,5,4,,1,55,,55443,5,4,,1,15,,55383,5,4,,1,15,,55403,5,4,,1,15,,55423,5,4,,1,55,,55444,5,4,,1,15,,55384,5,4,,1,15,,55404,5,4,,1,15,,55424,5,4,,1,55,,55445,5,4,,1,15,,55385,5,4,,1,15,,55405,5,4,,1,15,,55425,5,4,,1,55,,55446,5,4,,1,15,,55386,5,4,,1,15,,55406,5,4,,1,15,,55426,5,4,,1,55,,55447,5,4,,1,15,,55387,5,4,,1,15,,55407,5,4,,1,15,,55427,5,4,,1,55,,55448,5,4,,1,15,,55388,5,4,,1,15,,55408,5,4,,1,15,,55428,5,4,,1,55,,55449,5,4,,1,15,,55389,5,4,,1,15,,55409,5,4,,1,15,,55429,5,4,,1,55,,55450,5,4,,1,15,,55390,5,4,,1,15,,55410,5,4,,1,15,,55430,5,4,,1,55,,55451,5,4,,1,15,,55391,5,4,,1,15,,55411,5,4,,1,15,,55431,5,4,,1,55,,55452,5,4,,1,15,,55392,5,4,,1,15,,55412,5,4,,1,15,,55432,5,4,,1,55,,55453,5,4,,1,15,,55393,5,4,,1,15,,55413,5,4,,1,15,,55433,5,4,,1,55,,55454,5,4,,1,15,,55394,5,4,,1,15,,55414,5,4,,1,15,,55434,5,4,,1,55,,55455,5,4,,1,15,,55395,5,4,,1,15,,55415,5,4,,1,15,,55435,5,4,,1,55,,55456,5,4,,1,15,,55396,5,4,,1,15,,55416,5,4,,1,15,,55436,5,4,,1,55,,55457,5,4,,1,15,,55397,5,4,,1,15,,55417,5,4,,1,15,,55437,5,4,,1,55,,55458,5,4,,1,15,,55398,5,4,,1,15,,55418,5,4,,1,15,,55438,5,4,,1,55,,55459,5,4,,1,15,,55399,5,4,,1,15,,55419,5,4,,1,15,,55439,5,4,,1,55,,55460,5,4,,1,15,,55400,5,4,,1
0,'20260914',521,,68248,5,4,,1,15,,68188,5,4,,1,23,,68228,5,4,,1,55,,68249,5,4,,1,15,,68189,5,4,,1,15,,68209,5,4,,1,15,,68229,5,4,,1,55,,68250,5,4,,1,15,,68190,5,4,,1,15,,68210,5,4,,1,15,,68230,5,4,,1,55,,68251,5,4,,1,15,,68191,5,4,,1,15,,68211,5,4,,1,15,,68231,5,4,,1,55,,68252,5,4,,1,15,,68192,5,4,,1,15,,68212,5,4,,1,15,,68232,5,4,,1,55,,68253,5,4,,1,15,,68193,5,4,,1,15,,68213,5,4,,1,15,,68233,5,4,,1,55,,68254,5,4,,1,15,,68194,5,4,,1,15,,68214,5,4,,1,15,,68234,5,4,,1,55,,68255,5,4,,1,15,,68195,5,4,,1,15,,68215,5,4,,1,15,,68235,5,4,,1,55,,68256,5,4,,1,15,,68196,5,4,,1,15,,68216,5,4,,1,15,,68236,5,4,,1,55,,68257,5,4,,1,15,,68197,5,4,,1,15,,68217,5,4,,1,15,,68237,5,4,,1,55,,68258,5,4,,1,15,,68198,5,4,,1,15,,68218,5,4,,1,15,,68238,5,4,,1,55,,68259,5,4,,1,15,,68199,5,4,,1,15,,68219,5,4,,1,15,,68239,5,4,,1,55,,68260,5,4,,1,15,,68200,5,4,,1,15,,68220,5,4,,1,15,,68240,5,4,,1,55,,68261,5,4,,1,15,,68201,5,4,,1,15,,68221,5,4,,1,15,,68241,5,4,,1,55,,68262,5,4,,1,15,,68202,5,4,,1,15,,68222,5,4,,1,15,,68242,5,4,,1,55,,68263,5,4,,1,15,,68203,5,4,,1,15,,68223,5,4,,1,15,,68243,5,4,,1,55,,68264,5,4,,1,15,,68204,5,4,,1,15,,68224,5,4,,1,15,,68244,5,4,,1,55,,68265,5,4,,1,15,,68205,5,4,,1,15,,68225,5,4,,1,15,,68245,5,4,,1,55,,68266,5,4,,1,15,,68206,5,4,,1,15,,68226,5,4,,1,15,,68246,5,4,,1,55,,68267,5,4,,1,15,,68207,5,4,,1,15,,68227,5,4,,1,15,,68247,5,4,,1,55,,68268,5,4,,1,15,,68208,5,4,,1
0,'20260915',521,,68329,5,4,,1,15,,68269,5,4,,1,23,,68309,5,4,,1,55,,68330,5,4,,1,15,,68270,5,4,,1,15,,68290,5,4,,1,15,,68310,5,4,,1,55,,68331,5,4,,1,15,,68271,5,4,,1,15,,68291,5,4,,1,15,,68311,5,4,,1,55,,68332,5,4,,1,15,,68272,5,4,,1,15,,68292,5,4,,1,15,,68312,5,4,,1,55,,68333,5,4,,1,15,,68273,5,4,,1,15,,68293,5,4,,1,15,,68313,5,4,,1,55,,68334,5,4,,1,15,,68274,5,4,,1,15,,68294,5,4,,1,15,,68314,5,4,,1,55,,68335,5,4,,1,15,,68275,5,4,,1,15,,68295,5,4,,1,15,,68315,5,4,,1,55,,68336,5,4,,1,15,,68276,5,4,,1,15,,68296,5,4,,1,15,,68316,5,4,,1,55,,68337,5,4,,1,15,,68277,5,4,,1,15,,68297,5,4,,1,15,,68317,5,4,,1,55,,68338,5,4,,1,15,,68278,5,4,,1,15,,68298,5,4,,1,15,,68318,5,4,,1,55,,68339,5,4,,1,15,,68279,5,4,,1,15,,68299,5,4,,1,15,,68319,5,4,,1,55,,68340,5,4,,1,15,,68280,5,4,,1,15,,68300,5,4,,1,15,,68320,5,4,,1,55,,68341,5,4,,1,15,,68281,5,4,,1,15,,68301,5,4,,1,15,,68321,5,4,,1,55,,68342,5,4,,1,15,,68282,5,4,,1,15,,68302,5,4,,1,15,,68322,5,4,,1,55,,68343,5,4,,1,15,,68283,5,4,,1,15,,68303,5,4,,1,15,,68323,5,4,,1,55,,68344,5,4,,1,15,,68284,5,4,,1,15,,68304,5,4,,1,15,,68324,5,4,,1,55,,68345,5,4,,1,15,,68285,5,4,,1,15,,68305,5,4,,1,15,,68325,5,4,,1,55,,68346,5,4,,1,15,,68286,5,4,,1,15,,68306,5,4,,1,15,,68326,5,4,,1,55,,68347,5,4,,1,15,,68287,5,4,,1,15,,68307,5,4,,1,15,,68327,5,4,,1,55,,68348,5,4,,1,15,,68288,5,4,,1,15,,68308,5,4,,1,15,,68328,5,4,,1,55,,68349,5,4,,1,15,,68289,5,4,,1
0,'20260916',521,,68410,5,4,,1,15,,68350,5,4,,1,23,,68390,5,4,,1,55,,68411,5,4,,1,15,,68351,5,4,,1,15,,68371,5,4,,1,15,,68391,5,4,,1,55,,68412,5,4,,1,15,,68352,5,4,,1,15,,68372,5,4,,1,15,,68392,5,4,,1,55,,68413,5,4,,1,15,,68353,5,4,,1,15,,68373,5,4,,1,15,,68393,5,4,,1,55,,68414,5,4,,1,15,,68354,5,4,,1,15,,68374,5,4,,1,15,,68394,5,4,,1,55,,68415,5,4,,1,15,,68355,5,4,,1,15,,68375,5,4,,1,15,,68395,5,4,,1,55,,68416,5,4,,1,15,,68356,5,4,,1,15,,68376,5,4,,1,15,,68396,5,4,,1,55,,68417,5,4,,1,15,,68357,5,4,,1,15,,68377,5,4,,1,15,,68397,5,4,,1,55,,68418,5,4,,1,15,,68358,5,4,,1,15,,68378,5,4,,1,15,,68398,5,4,,1,55,,68419,5,4,,1,15,,68359,5,4,,1,15,,68379,5,4,,1,15,,68399,5,4,,1,55,,68420,5,4,,1,15,,68360,5,4,,1,15,,68380,5,4,,1,15,,68400,5,4,,1,55,,68421,5,4,,1,15,,68361,5,4,,1,15,,68381,5,4,,1,15,,68401,5,4,,1,55,,68422,5,4,,1,15,,68362,5,4,,1,15,,68382,5,4,,1,15,,68402,5,4,,1,55,,68423,5,4,,1,15,,68363,5,4,,1,15,,68383,5,4,,1,15,,68403,5,4,,1,55,,68424,5,4,,1,15,,68364,5,4,,1,15,,68384,5,4,,1,15,,68404,5,4,,1,55,,68425,5,4,,1,15,,68365,5,4,,1,15,,68385,5,4,,1,15,,68405,5,4,,1,55,,68426,5,4,,1,15,,68366,5,4,,1,15,,68386,5,4,,1,15,,68406,5,4,,1,55,,68427,5,4,,1,15,,68367,5,4,,1,15,,68387,5,4,,1,15,,68407,5,4,,1,55,,68428,5,4,,1,15,,68368,5,4,,1,15,,68388,5,4,,1,15,,68408,5,4,,1,55,,68429,5,4,,1,15,,68369,5,4,,1,15,,68389,5,4,,1,15,,68409,5,4,,1,55,,68430,5,4,,1,15,,68370,5,4,,1
0,'20260917',521,,68491,5,4,,1,15,,68431,5,4,,1,23,,68471,5,4,,1,55,,68492,5,4,,1,15,,68432,5,4,,1,15,,68452,5,4,,1,15,,68472,5,4,,1,55,,68493,5,4,,1,15,,68433,5,4,,1,15,,68453,5,4,,1,15,,68473,5,4,,1,55,,68494,5,4,,1,15,,68434,5,4,,1,15,,68454,5,4,,1,15,,68474,5,4,,1,55,,68495,5,4,,1,15,,68435,5,4,,1,15,,68455,5,4,,1,15,,68475,5,4,,1,55,,68496,5,4,,1,15,,68436,5,4,,1,15,,68456,5,4,,1,15,,68476,5,4,,1,55,,68497,5,4,,1,15,,68437,5,4,,1,15,,68457,5,4,,1,15,,68477,5,4,,1,55,,68498,5,4,,1,15,,68438,5,4,,1,15,,68458,5,4,,1,15,,68478,5,4,,1,55,,68499,5,4,,1,15,,68439,5,4,,1,15,,68459,5,4,,1,15,,68479,5,4,,1,55,,68500,5,4,,1,15,,68440,5,4,,1,15,,68460,5,4,,1,15,,68480,5,4,,1,55,,68501,5,4,,1,15,,68441,5,4,,1,15,,68461,5,4,,1,15,,68481,5,4,,1,55,,68502,5,4,,1,15,,68442,5,4,,1,15,,68462,5,4,,1,15,,68482,5,4,,1,55,,68503,5,4,,1,15,,68443,5,4,,1,15,,68463,5,4,,1,15,,68483,5,4,,1,55,,68504,5,4,,1,15,,68444,5,4,,1,15,,68464,5,4,,1,15,,68484,5,4,,1,55,,68505,5,4,,1,15,,68445,5,4,,1,15,,68465,5,4,,1,15,,68485,5,4,,1,55,,68506,5,4,,1,15,,68446,5,4,,1,15,,68466,5,4,,1,15,,68486,5,4,,1,55,,68507,5,4,,1,15,,68447,5,4,,1,15,,68467,5,4,,1,15,,68487,5,4,,1,55,,68508,5,4,,1,15,,68448,5,4,,1,15,,68468,5,4,,1,15,,68488,5,4,,1,55,,68509,5,4,,1,15,,68449,5,4,,1,15,,68469,5,4,,1,15,,68489,5,4,,1,55,,68510,5,4,,1,15,,68450,5,4,,1,15,,68470,5,4,,1,15,,68490,5,4,,1,55,,68511,5,4,,1,15,,68451,5,4,,1
0,'20260918',521,,68566,5,4,,1,15,,68512,5,4,,1,23,,68548,5,4,,1,55,,68567,5,4,,1,15,,68513,5,4,,1,15,,68531,5,4,,1,15,,68549,5,4,,1,55,,68568,5,4,,1,15,,68514,5,4,,1,15,,68532,5,4,,1,15,,68550,5,4,,1,55,,68569,5,4,,1,15,,68515,5,4,,1,15,,68533,5,4,,1,15,,68551,5,4,,1,55,,68570,5,4,,1,15,,68516,5,4,,1,15,,68534,5,4,,1,15,,68552,5,4,,1,55,,68571,5,4,,1,15,,68517,5,4,,1,15,,68535,5,4,,1,15,,68553,5,4,,1,55,,68572,5,4,,1,15,,68518,5,4,,1,15,,68536,5,4,,1,15,,68554,5,4,,1,55,,68573,5,4,,1,15,,68519,5,4,,1,15,,68537,5,4,,1,15,,68555,5,4,,1,55,,68574,5,4,,1,15,,68520,5,4,,1,15,,68538,5,4,,1,15,,68556,5,4,,1,55,,68575,5,4,,1,15,,68521,5,4,,1,15,,68539,5,4,,1,15,,68557,5,4,,1,55,,68576,5,4,,1,15,,68522,5,4,,1,15,,68540,5,4,,1,15,,68558,5,4,,1,55,,68577,5,4,,1,15,,68523,5,4,,1,15,,68541,5,4,,1,15,,68559,5,4,,1,55,,68578,5,4,,1,15,,68524,5,4,,1,15,,68542,5,4,,1,15,,68560,5,4,,1,55,,68579,5,4,,1,15,,68525,5,4,,1,15,,68543,5,4,,1,15,,68561,5,4,,1,55,,68580,5,4,,1,15,,68526,5,4,,1,15,,68544,5,4,,1,15,,68562,5,4,,1,55,,68581,5,4,,1,15,,68527,5,4,,1,15,,68545,5,4,,1,15,,68563,5,4,,1,55,,68582,5,4,,1,15,,68528,5,4,,1,15,,68546,5,4,,1,15,,68564,5,4,,1,55,,68583,5,4,,1,15,,68529,5,4,,1,15,,68547,5,4,,1,15,,68565,5,4,,1,55,,68584,5,4,,1,15,,68530,5,4,,1
1,'20260903',527,,67545,1,,,1,15,,67486,1,,,1,12,,67506,1,,,1,55,,67526,1,,,1,15,,67546,1,,,1,15,,67487,1,,,1,15,,67507,1,,,1,55,,67527,1,,,1,15,,67547,1,,,1,15,,67488,1,,,1,15,,67508,1,,,1,55,,67528,1,,,1,15,,67548,1,,,1,15,,67489,1,,,1,15,,67509,1,,,1,55,,67529,1,,,1,15,,67549,1,,,1,15,,67490,1,,,1,15,,67510,1,,,1,55,,67530,1,,,1,15,,67550,1,,,1,15,,67491,1,,,1,15,,67511,1,,,1,55,,67531,1,,,1,15,,67551,1,,,1,15,,67492,1,,,1,15,,67512,1,,,1,55,,67532,1,,,1,15,,67552,1,,,1,15,,67493,1,,,1,15,,67513,1,,,1,55,,67533,1,,,1,15,,67553,1,,,1,15,,67494,1,,,1,15,,67514,1,,,1,55,,67534,1,,,1,15,,67554,1,,,1,15,,67495,1,,,1,15,,67515,1,,,1,55,,67535,1,,,1,15,,67555,1,,,1,15,,67496,1,,,1,15,,67516,1,,,1,55,,67536,1,,,1,15,,67556,1,,,1,15,,67497,1,,,1,15,,67517,1,,,1,55,,67537,1,,,1,15,,67557,1,,,1,15,,67498,1,,,1,15,,67518,1,,,1,55,,67538,1,,,1,15,,67558,1,,,1,15,,67499,1,,,1,15,,67519,1,,,1,55,,67539,1,,,1,15,,67559,1,,,1,15,,67500,1,,,1,15,,67520,1,,,1,55,,67540,1,,,1,15,,67560,1,,,1,15,,67501,1,,,1,15,,67521,1,,,1,55,,67541,1,,,1,15,,67561,1,,,1,15,,67502,1,,,1,15,,67522,1,,,1,55,,67542,1,,,1,15,,67562,1,,,1,15,,67503,1,,,1,15,,67523,1,,,1,55,,67543,1,,,1,15,,67563,1,,,1,15,,67504,1,,,1,15,,67524,1,,,1,55,,67544,1,,,1,15,,67564,1,,,1,15,,67505,1,,,1,15,,67525,1,,,1
1,'20260904',527,,67624,1,,,1,15,,67565,1,,,1,12,,67585,1,,,1,55,,67605,1,,,1,15,,67625,1,,,1,15,,67566,1,,,1,15,,67586,1,,,1,55,,67606,1,,,1,15,,67626,1,,,1,15,,67567,1,,,1,15,,67587,1,,,1,55,,67607,1,,,1,15,,67627,1,,,1,15,,67568,1,,,1,15,,67588,1,,,1,55,,67608,1,,,1,15,,67628,1,,,1,15,,67569,1,,,1,15,,67589,1,,,1,55,,67609,1,,,1,15,,67629,1,,,1,15,,67570,1,,,1,15,,67590,1,,,1,55,,67610,1,,,1,15,,67630,1,,,1,15,,67571,1,,,1,15,,67591,1,,,1,55,,67611,1,,,1,15,,67631,1,,,1,15,,67572,1,,,1,15,,67592,1,,,1,55,,67612,1,,,1,15,,67632,1,,,1,15,,67573,1,,,1,15,,67593,1,,,1,55,,67613,1,,,1,15,,67633,1,,,1,15,,67574,1,,,1,15,,67594,1,,,1,55,,67614,1,,,1,15,,67634,1,,,1,15,,67575,1,,,1,15,,67595,1,,,1,55,,67615,1,,,1,15,,67635,1,,,1,15,,67576,1,,,1,15,,67596,1,,,1,55,,67616,1,,,1,15,,67636,1,,,1,15,,67577,1,,,1,15,,67597,1,,,1,55,,67617,1,,,1,15,,67637,1,,,1,15,,67578,1,,,1,15,,67598,1,,,1,55,,67618,1,,,1,15,,67638,1,,,1,15,,67579,1,,,1,15,,67599,1,,,1,55,,67619,1,,,1,15,,67639,1,,,1,15,,67580,1,,,1,15,,67600,1,,,1,55,,67620,1,,,1,15,,67640,1,,,1,15,,67581,1,,,1,15,,67601,1,,,1,55,,67621,1,,,1,15,,67641,1,,,1,15,,67582,1,,,1,15,,67602,1,,,1,55,,67622,1,,,1,15,,67642,1,,,1,15,,67583,1,,,1,15,,67603,1,,,1,55,,67623,1,,,1,15,,67643,1,,,1,15,,67584,1,,,1,15,,67604,1,,,1
1,'20260905',624,,67700,1,,,1,15,,67644,1,,,1,15,,67663,1,,,1,55,,67682,1,,,1,15,,67701,1,,,1,15,,67645,1,,,1,15,,67664,1,,,1,55,,67683,1,,,1,15,,67702,1,,,1,15,,67646,1,,,1,15,,67665,1,,,1,55,,67684,1,,,1,15,,67703,1,,,1,15,,67647,1,,,1,15,,67666,1,,,1,55,,67685,1,,,1,15,,67704,1,,,1,15,,67648,1,,,1,15,,67667,1,,,1,55,,67686,1,,,1,15,,67705,1,,,1,15,,67649,1,,,1,15,,67668,1,,,1,55,,67687,1,,,1,15,,67706,1,,,1,15,,67650,1,,,1,15,,67669,1,,,1,55,,67688,1,,,1,15,,67707,1,,,1,15,,67651,1,,,1,15,,67670,1,,,1,55,,67689,1,,,1,15,,67708,1,,,1,15,,67652,1,,,1,15,,67671,1,,,1,55,,67690,1,,,1,15,,67709,1,,,1,15,,67653,1,,,1,15,,67672,1,,,1,55,,67691,1,,,1,15,,67710,1,,,1,15,,67654,1,,,1,15,,67673,1,,,1,55,,67692,1,,,1,15,,67711,1,,,1,15,,67655,1,,,1,15,,67674,1,,,1,55,,67693,1,,,1,15,,67712,1,,,1,15,,67656,1,,,1,15,,67675,1,,,1,55,,67694,1,,,1,15,,67713,1,,,1,15,,67657,1,,,1,15,,67676,1,,,1,55,,67695,1,,,1,15,,67714,1,,,1,15,,67658,1,,,1,15,,67677,1,,,1,55,,67696,1,,,1,15,,67715,1,,,1,15,,67659,1,,,1,15,,67678,1,,,1,55,,67697,1,,,1,15,,67716,1,,,1,15,,67660,1,,,1,15,,67679,1,,,1,55,,67698,1,,,1,15,,67717,1,,,1,15,,67661,1,,,1,15,,67680,1,,,1,55,,67699,1,,,1,15,,67718,1,,,1,15,,67662,1,,,1,15,,67681,1,,,1
1,'20260906',624,,67775,1,,,1,15,,67719,1,,,1,15,,67738,1,,,1,55,,67757,1,,,1,15,,67776,1,,,1,15,,67720,1,,,1,15,,67739,1,,,1,55,,67758,1,,,1,15,,67777,1,,,1,15,,67721,1,,,1,15,,67740,1,,,1,55,,67759,1,,,1,15,,67778,1,,,1,15,,67722,1,,,1,15,,67741,1,,,1,55,,67760,1,,,1,15,,67779,1,,,1,15,,67723,1,,,1,15,,67742,1,,,1,55,,67761,1,,,1,15,,67780,1,,,1,15,,67724,1,,,1,15,,67743,1,,,1,55,,67762,1,,,1,15,,67781,1,,,1,15,,67725,1,,,1,15,,67744,1,,,1,55,,67763,1,,,1,15,,67782,1,,,1,15,,67726,1,,,1,15,,67745,1,,,1,55,,67764,1,,,1,15,,67783,1,,,1,15,,67727,1,,,1,15,,67746,1,,,1,55,,67765,1,,,1,15,,67784,1,,,1,15,,67728,1,,,1,15,,67747,1,,,1,55,,67766,1,,,1,15,,67785,1,,,1,15,,67729,1,,,1,15,,67748,1,,,1,55,,67767,1,,,1,15,,67786,1,,,1,15,,67730,1,,,1,15,,67749,1,,,1,55,,67768,1,,,1,15,,67787,1,,,1,15,,67731,1,,,1,15,,67750,1,,,1,55,,67769,1,,,1,15,,67788,1,,,1,15,,67732,1,,,1,15,,67751,1,,,1,55,,67770,1,,,1,15,,67789,1,,,1,15,,67733,1,,,1,15,,67752,1,,,1,55,,67771,1,,,1,15,,67790,1,,,1,15,,67734,1,,,1,15,,67753,1,,,1,55,,67772,1,,,1,15,,67791,1,,,1,15,,67735,1,,,1,15,,67754,1,,,1,55,,67773,1,,,1,15,,67792,1,,,1,15,,67736,1,,,1,15,,67755,1,,,1,55,,67774,1,,,1,15,,67793,1,,,1,15,,67737,1,,,1,15,,67756,1,,,1
1,'20260907',624,,67854,1,,,1,15,,67795,1,,,1,15,,67815,1,,,1,55,,67835,1,,,1,15,,67855,1,,,1,15,,67796,1,,,1,15,,67816,1,,,1,55,,67836,1,,,1,15,,67856,1,,,1,15,,67797,1,,,1,15,,67817,1,,,1,55,,67837,1,,,1,15,,67857,1,,,1,15,,67798,1,,,1,15,,67818,1,,,1,55,,67838,1,,,1,15,,67858,1,,,1,15,,67799,1,,,1,15,,67819,1,,,1,55,,67839,1,,,1,15,,67859,1,,,1,15,,67800,1,,,1,15,,67820,1,,,1,55,,67840,1,,,1,15,,67860,1,,,1,15,,67801,1,,,1,15,,67821,1,,,1,55,,67841,1,,,1,15,,67861,1,,,1,15,,67802,1,,,1,15,,67822,1,,,1,55,,67842,1,,,1,15,,67862,1,,,1,15,,67803,1,,,1,15,,67823,1,,,1,55,,67843,1,,,1,15,,67863,1,,,1,15,,67804,1,,,1,15,,67824,1,,,1,55,,67844,1,,,1,15,,67864,1,,,1,15,,67805,1,,,1,15,,67825,1,,,1,55,,67845,1,,,1,15,,67865,1,,,1,15,,67806,1,,,1,15,,67826,1,,,1,55,,67846,1,,,1,15,,67866,1,,,1,15,,67807,1,,,1,15,,67827,1,,,1,55,,67847,1,,,1,15,,67867,1,,,1,15,,67808,1,,,1,15,,67828,1,,,1,55,,67848,1,,,1,15,,67868,1,,,1,15,,67809,1,,,1,15,,67829,1,,,1,55,,67849,1,,,1,15,,67869,1,,,1,15,,67810,1,,,1,15,,67830,1,,,1,55,,67850,1,,,1,15,,67870,1,,,1,15,,67811,1,,,1,15,,67831,1,,,1,55,,67851,1,,,1,15,,67871,1,,,1,15,,67812,1,,,1,15,,67832,1,,,1,55,,67852,1,,,1,15,,67872,1,,,1,15,,67813,1,,,1,15,,67833,1,,,1
1,'20260908',527,,67932,1,,,1,15,,67873,1,,,1,12,,67893,1,,,1,55,,67913,1,,,1,15,,67933,1,,,1,15,,67874,1,,,1,15,,67894,1,,,1,55,,67914,1,,,1,15,,67934,1,,,1,15,,67875,1,,,1,15,,67895,1,,,1,55,,67915,1,,,1,15,,67935,1,,,1,15,,67876,1,,,1,15,,67896,1,,,1,55,,67916,1,,,1,15,,67936,1,,,1,15,,67877,1,,,1,15,,67897,1,,,1,55,,67917,1,,,1,15,,67937,1,,,1,15,,67878,1,,,1,15,,67898,1,,,1,55,,67918,1,,,1,15,,67938,1,,,1,15,,67879,1,,,1,15,,67899,1,,,1,55,,67919,1,,,1,15,,67939,1,,,1,15,,67880,1,,,1,15,,67900,1,,,1,55,,67920,1,,,1,15,,67940,1,,,1,15,,67881,1,,,1,15,,67901,1,,,1,55,,67921,1,,,1,15,,67941,1,,,1,15,,67882,1,,,1,15,,67902,1,,,1,55,,67922,1,,,1,15,,67942,1,,,1,15,,67883,1,,,1,15,,67903,1,,,1,55,,67923,1,,,1,15,,67943,1,,,1,15,,67884,1,,,1,15,,67904,1,,,1,55,,67924,1,,,1,15,,67944,1,,,1,15,,67885,1,,,1,15,,67905,1,,,1,55,,67925,1,,,1,15,,67945,1,,,1,15,,67886,1,,,1,15,,67906,1,,,1,55,,67926,1,,,1,15,,67946,1,,,1,15,,67887,1,,,1,15,,67907,1,,,1,55,,67927,1,,,1,15,,67947,1,,,1,15,,67888,1,,,1,15,,67908,1,,,1,55,,67928,1,,,1,15,,67948,1,,,1,15,,67889,1,,,1,15,,67909,1,,,1,55,,67929,1,,,1,15,,67949,1,,,1,15,,67890,1,,,1,15,,67910,1,,,1,55,,67930,1,,,1,15,,67950,1,,,1,15,,67891,1,,,1,15,,67911,1,,,1,55,,67931,1,,,1,15,,67951,1,,,1,15,,67892,1,,,1,15,,67912,1,,,1
1,'20260909',527,,68011,1,,,1,15,,67952,1,,,1,12,,67972,1,,,1,55,,67992,1,,,1,15,,68012,1,,,1,15,,67953,1,,,1,15,,67973,1,,,1,55,,67993,1,,,1,15,,68013,1,,,1,15,,67954,1,,,1,15,,67974,1,,,1,55,,67994,1,,,1,15,,68014,1,,,1,15,,67955,1,,,1,15,,67975,1,,,1,55,,67995,1,,,1,15,,68015,1,,,1,15,,67956,1,,,1,15,,67976,1,,,1,55,,67996,1,,,1,15,,68016,1,,,1,15,,67957,1,,,1,15,,67977,1,,,1,55,,67997,1,,,1,15,,68017,1,,,1,15,,67958,1,,,1,15,,67978,1,,,1,55,,67998,1,,,1,15,,68018,1,,,1,15,,67959,1,,,1,15,,67979,1,,,1,55,,67999,1,,,1,15,,68019,1,,,1,15,,67960,1,,,1,15,,67980,1,,,1,55,,68000,1,,,1,15,,68020,1,,,1,15,,67961,1,,,1,15,,67981,1,,,1,55,,68001,1,,,1,15,,68021,1,,,1,15,,67962,1,,,1,15,,67982,1,,,1,55,,68002,1,,,1,15,,68022,1,,,1,15,,67963,1,,,1,15,,67983,1,,,1,55,,68003,1,,,1,15,,68023,1,,,1,15,,67964,1,,,1,15,,67984,1,,,1,55,,68004,1,,,1,15,,68024,1,,,1,15,,67965,1,,,1,15,,67985,1,,,1,55,,68005,1,,,1,15,,68025,1,,,1,15,,67966,1,,,1,15,,67986,1,,,1,55,,68006,1,,,1,15,,68026,1,,,1,15,,67967,1,,,1,15,,67987,1,,,1,55,,68007,1,,,1,15,,68027,1,,,1,15,,67968,1,,,1,15,,67988,1,,,1,55,,68008,1,,,1,15,,68028,1,,,1,15,,67969,1,,,1,15,,67989,1,,,1,55,,68009,1,,,1,15,,68029,1,,,1,15,,67970,1,,,1,15,,67990,1,,,1,55,,68010,1,,,1,15,,68030,1,,,1,15,,67971,1,,,1,15,,67991,1,,,1
1,'20260910',527,,68090,1,,,1,15,,68031,1,,,1,12,,68051,1,,,1,55,,68071,1,,,1,15,,68091,1,,,1,15,,68032,1,,,1,15,,68052,1,,,1,55,,68072,1,,,1,15,,68092,1,,,1,15,,68033,1,,,1,15,,68053,1,,,1,55,,68073,1,,,1,15,,68093,1,,,1,15,,68034,1,,,1,15,,68054,1,,,1,55,,68074,1,,,1,15,,68094,1,,,1,15,,68035,1,,,1,15,,68055,1,,,1,55,,68075,1,,,1,15,,68095,1,,,1,15,,68036,1,,,1,15,,68056,1,,,1,55,,68076,1,,,1,15,,68096,1,,,1,15,,68037,1,,,1,15,,68057,1,,,1,55,,68077,1,,,1,15,,68097,1,,,1,15,,68038,1,,,1,15,,68058,1,,,1,55,,68078,1,,,1,15,,68098,1,,,1,15,,68039,1,,,1,15,,68059,1,,,1,55,,68079,1,,,1,15,,68099,1,,,1,15,,68040,1,,,1,15,,68060,1,,,1,55,,68080,1,,,1,15,,68100,1,,,1,15,,68041,1,,,1,15,,68061,1,,,1,55,,68081,1,,,1,15,,68101,1,,,1,15,,68042,1,,,1,15,,68062,1,,,1,55,,68082,1,,,1,15,,68102,1,,,1,15,,68043,1,,,1,15,,68063,1,,,1,55,,68083,1,,,1,15,,68103,1,,,1,15,,68044,1,,,1,15,,68064,1,,,1,55,,68084,1,,,1,15,,68104,1,,,1,15,,68045,1,,,1,15,,68065,1,,,1,55,,68085,1,,,1,15,,68105,1,,,1,15,,68046,1,,,1,15,,68066,1,,,1,55,,68086,1,,,1,15,,68106,1,,,1,15,,68047,1,,,1,15,,68067,1,,,1,55,,68087,1,,,1,15,,68107,1,,,1,15,,68048,1,,,1,15,,68068,1,,,1,55,,68088,1,,,1,15,,68108,1,,,1,15,,68049,1,,,1,15,,68069,1,,,1,55,,68089,1,,,1,15,,68109,1,,,1,15,,68050,1,,,1,15,,68070,1,,,1
1,'20260911',527,,68169,1,,,1,15,,68110,1,,,1,12,,68130,1,,,1,55,,68150,1,,,1,15,,68170,1,,,1,15,,68111,1,,,1,15,,68131,1,,,1,55,,68151,1,,,1,15,,68171,1,,,1,15,,68112,1,,,1,15,,68132,1,,,1,55,,68152,1,,,1,15,,68172,1,,,1,15,,68113,1,,,1,15,,68133,1,,,1,55,,68153,1,,,1,15,,68173,1,,,1,15,,68114,1,,,1,15,,68134,1,,,1,55,,68154,1,,,1,15,,68174,1,,,1,15,,68115,1,,,1,15,,68135,1,,,1,55,,68155,1,,,1,15,,68175,1,,,1,15,,68116,1,,,1,15,,68136,1,,,1,55,,68156,1,,,1,15,,68176,1,,,1,15,,68117,1,,,1,15,,68137,1,,,1,55,,68157,1,,,1,15,,68177,1,,,1,15,,68118,1,,,1,15,,68138,1,,,1,55,,68158,1,,,1,15,,68178,1,,,1,15,,68119,1,,,1,15,,68139,1,,,1,55,,68159,1,,,1,15,,68179,1,,,1,15,,68120,1,,,1,15,,68140,1,,,1,55,,68160,1,,,1,15,,68180,1,,,1,15,,68121,1,,,1,15,,68141,1,,,1,55,,68161,1,,,1,15,,68181,1,,,1,15,,68122,1,,,1,15,,68142,1,,,1,55,,68162,1,,,1,15,,68182,1,,,1,15,,68123,1,,,1,15,,68143,1,,,1,55,,68163,1,,,1,15,,68183,1,,,1,15,,68124,1,,,1,15,,68144,1,,,1,55,,68164,1,,,1,15,,68184,1,,,1,15,,68125,1,,,1,15,,68145,1,,,1,55,,68165,1,,,1,15,,68185,1,,,1,15,,68126,1,,,1,15,,68146,1,,,1,55,,68166,1,,,1,15,,68186,1,,,1,15,,68127,1,,,1,15,,68147,1,,,1,55,,68167,1,,,1,15,,68187,1,,,1,15,,68128,1,,,1
1,'20260914',525,,68644,1,,,1,15,,68585,1,,,1,12,,68605,1,,,1,55,,68625,1,,,1,15,,68645,1,,,1,15,,68586,1,,,1,15,,68606,1,,,1,55,,68626,1,,,1,15,,68646,1,,,1,15,,68587,1,,,1,15,,68607,1,,,1,55,,68627,1,,,1,15,,68647,1,,,1,15,,68588,1,,,1,15,,68608,1,,,1,55,,68628,1,,,1,15,,68648,1,,,1,15,,68589,1,,,1,15,,68609,1,,,1,55,,68629,1,,,1,15,,68649,1,,,1,15,,68590,1,,,1,15,,68610,1,,,1,55,,68630,1,,,1,15,,68650,1,,,1,15,,68591,1,,,1,15,,68611,1,,,1,55,,68631,1,,,1,15,,68651,1,,,1,15,,68592,1,,,1,15,,68612,1,,,1,55,,68632,1,,,1,15,,68652,1,,,1,15,,68593,1,,,1,15,,68613,1,,,1,55,,68633,1,,,1,15,,68653,1,,,1,15,,68594,1,,,1,15,,68614,1,,,1,55,,68634,1,,,1,15,,68654,1,,,1,15,,68595,1,,,1,15,,68615,1,,,1,55,,68635,1,,,1,15,,68655,1,,,1,15,,68596,1,,,1,15,,68616,1,,,1,55,,68636,1,,,1,15,,68656,1,,,1,15,,68597,1,,,1,15,,68617,1,,,1,55,,68637,1,,,1,15,,68657,1,,,1,15,,68598,1,,,1,15,,68618,1,,,1,55,,68638,1,,,1,15,,68658,1,,,1,15,,68599,1,,,1,15,,68619,1,,,1,55,,68639,1,,,1,15,,68659,1,,,1,15,,68600,1,,,1,15,,68620,1,,,1,55,,68640,1,,,1,15,,68660,1,,,1,15,,68601,1,,,1,15,,68621,1,,,1,55,,68641,1,,,1,15,,68661,1,,,1,15,,68602,1,,,1,15,,68622,1,,,1,55,,68642,1,,,1,15,,68662,1,,,1,15,,68603,1,,,1,15,,68623,1,,,1,55,,68643,1,,,1,15,,68663,1,,,1,15,,68604,1,,,1,15,,68624,1,,,1
1,'20260915',525,,68723,1,,,1,15,,68664,1,,,1,12,,68684,1,,,1,55,,68704,1,,,1,15,,68724,1,,,1,15,,68665,1,,,1,15,,68685,1,,,1,55,,68705,1,,,1,15,,68725,1,,,1,15,,68666,1,,,1,15,,68686,1,,,1,55,,68706,1,,,1,15,,68726,1,,,1,15,,68667,1,,,1,15,,68687,1,,,1,55,,68707,1,,,1,15,,68727,1,,,1,15,,68668,1,,,1,15,,68688,1,,,1,55,,68708,1,,,1,15,,68728,1,,,1,15,,68669,1,,,1,15,,68689,1,,,1,55,,68709,1,,,1,15,,68729,1,,,1,15,,68670,1,,,1,15,,68690,1,,,1,55,,68710,1,,,1,15,,68730,1,,,1,15,,68671,1,,,1,15,,68691,1,,,1,55,,68711,1,,,1,15,,68731,1,,,1,15,,68672,1,,,1,15,,68692,1,,,1,55,,68712,1,,,1,15,,68732,1,,,1,15,,68673,1,,,1,15,,68693,1,,,1,55,,68713,1,,,1,15,,68733,1,,,1,15,,68674,1,,,1,15,,68694,1,,,1,55,,68714,1,,,1,15,,68734,1,,,1,15,,68675,1,,,1,15,,68695,1,,,1,55,,68715,1,,,1,15,,68735,1,,,1,15,,68676,1,,,1,15,,68696,1,,,1,55,,68716,1,,,1,15,,68736,1,,,1,15,,68677,1,,,1,15,,68697,1,,,1,55,,68717,1,,,1,15,,68737,1,,,1,15,,68678,1,,,1,15,,68698,1,,,1,55,,68718,1,,,1,15,,68738,1,,,1,15,,68679,1,,,1,15,,68699,1,,,1,55,,68719,1,,,1,15,,68739,1,,,1,15,,68680,1,,,1,15,,68700,1,,,1,55,,68720,1,,,1,15,,68740,1,,,1,15,,68681,1,,,1,15,,68701,1,,,1,55,,68721,1,,,1,15,,68741,1,,,1,15,,68682,1,,,1,15,,68702,1,,,1,55,,68722,1,,,1,15,,68742,1,,,1,15,,68683,1,,,1,15,,68703,1,,,1
1,'20260916',525,,68802,1,,,1,15,,68743,1,,,1,12,,68763,1,,,1,55,,68783,1,,,1,15,,68803,1,,,1,15,,68744,1,,,1,15,,68764,1,,,1,55,,68784,1,,,1,15,,68804,1,,,1,15,,68745,1,,,1,15,,68765,1,,,1,55,,68785,1,,,1,15,,68805,1,,,1,15,,68746,1,,,1,15,,68766,1,,,1,55,,68786,1,,,1,15,,68806,1,,,1,15,,68747,1,,,1,15,,68767,1,,,1,55,,68787,1,,,1,15,,68807,1,,,1,15,,68748,1,,,1,15,,68768,1,,,1,55,,68788,1,,,1,15,,68808,1,,,1,15,,68749,1,,,1,15,,68769,1,,,1,55,,68789,1,,,1,15,,68809,1,,,1,15,,68750,1,,,1,15,,68770,1,,,1,55,,68790,1,,,1,15,,68810,1,,,1,15,,68751,1,,,1,15,,68771,1,,,1,55,,68791,1,,,1,15,,68811,1,,,1,15,,68752,1,,,1,15,,68772,1,,,1,55,,68792,1,,,1,15,,68812,1,,,1,15,,68753,1,,,1,15,,68773,1,,,1,55,,68793,1,,,1,15,,68813,1,,,1,15,,68754,1,,,1,15,,68774,1,,,1,55,,68794,1,,,1,15,,68814,1,,,1,15,,68755,1,,,1,15,,68775,1,,,1,55,,68795,1,,,1,15,,68815,1,,,1,15,,68756,1,,,1,15,,68776,1,,,1,55,,68796,1,,,1,15,,68816,1,,,1,15,,68757,1,,,1,15,,68777,1,,,1,55,,68797,1,,,1,15,,68817,1,,,1,15,,68758,1,,,1,15,,68778,1,,,1,55,,68798,1,,,1,15,,68818,1,,,1,15,,68759,1,,,1,15,,68779,1,,,1,55,,68799,1,,,1,15,,68819,1,,,1,15,,68760,1,,,1,15,,68780,1,,,1,55,,68800,1,,,1,15,,68820,1,,,1,15,,68761,1,,,1,15,,68781,1,,,1,55,,68801,1,,,1,15,,68821,1,,,1,15,,68762,1,,,1,15,,68782,1,,,1
1,'20260917',525,,68881,1,,,1,15,,68822,1,,,1,12,,68842,1,,,1,55,,68862,1,,,1,15,,68882,1,,,1,15,,68823,1,,,1,15,,68843,1,,,1,55,,68863,1,,,1,15,,68883,1,,,1,15,,68824,1,,,1,15,,68844,1,,,1,55,,68864,1,,,1,15,,68884,1,,,1,15,,68825,1,,,1,15,,68845,1,,,1,55,,68865,1,,,1,15,,68885,1,,,1,15,,68826,1,,,1,15,,68846,1,,,1,55,,68866,1,,,1,15,,68886,1,,,1,15,,68827,1,,,1,15,,68847,1,,,1,55,,68867,1,,,1,15,,68887,1,,,1,15,,68828,1,,,1,15,,68848,1,,,1,55,,68868,1,,,1,15,,68888,1,,,1,15,,68829,1,,,1,15,,68849,1,,,1,55,,68869,1,,,1,15,,68889,1,,,1,15,,68830,1,,,1,15,,68850,1,,,1,55,,68870,1,,,1,15,,68890,1,,,1,15,,68831,1,,,1,15,,68851,1,,,1,55,,68871,1,,,1,15,,68891,1,,,1,15,,68832,1,,,1,15,,68852,1,,,1,55,,68872,1,,,1,15,,68892,1,,,1,15,,68833,1,,,1,15,,68853,1,,,1,55,,68873,1,,,1,15,,68893,1,,,1,15,,68834,1,,,1,15,,68854,1,,,1,55,,68874,1,,,1,15,,68894,1,,,1,15,,68835,1,,,1,15,,68855,1,,,1,55,,68875,1,,,1,15,,68895,1,,,1,15,,68836,1,,,1,15,,68856,1,,,1,55,,68876,1,,,1,15,,68896,1,,,1,15,,68837,1,,,1,15,,68857,1,,,1,55,,68877,1,,,1,15,,68897,1,,,1,15,,68838,1,,,1,15,,68858,1,,,1,55,,68878,1,,,1,15,,68898,1,,,1,15,,68839,1,,,1,15,,68859,1,,,1,55,,68879,1,,,1,15,,68899,1,,,1,15,,68840,1,,,1,15,,68860,1,,,1,55,,68880,1,,,1,15,,68900,1,,,1,15,,68841,1,,,1,15,,68861,1,,,1
1,'20260918',525,,68956,1,,,1,15,,68901,1,,,1,12,,68920,1,,,1,55,,68938,1,,,1,15,,68957,1,,,1,15,,68902,1,,,1,15,,68921,1,,,1,55,,68939,1,,,1,15,,68958,1,,,1,15,,68903,1,,,1,15,,68922,1,,,1,55,,68940,1,,,1,15,,68959,1,,,1,15,,68904,1,,,1,15,,68923,1,,,1,55,,68941,1,,,1,15,,68960,1,,,1,15,,68905,1,,,1,15,,68924,1,,,1,55,,68942,1,,,1,15,,68961,1,,,1,15,,68906,1,,,1,15,,68925,1,,,1,55,,68943,1,,,1,15,,68962,1,,,1,15,,68907,1,,,1,15,,68926,1,,,1,55,,68944,1,,,1,15,,68963,1,,,1,15,,68908,1,,,1,15,,68927,1,,,1,55,,68945,1,,,1,15,,68964,1,,,1,15,,68909,1,,,1,15,,68928,1,,,1,55,,68946,1,,,1,15,,68965,1,,,1,15,,68910,1,,,1,15,,68929,1,,,1,55,,68947,1,,,1,15,,68966,1,,,1,15,,68911,1,,,1,15,,68930,1,,,1,55,,68948,1,,,1,15,,68967,1,,,1,15,,68912,1,,,1,15,,68931,1,,,1,55,,68949,1,,,1,15,,68968,1,,,1,15,,68913,1,,,1,15,,68932,1,,,1,55,,68950,1,,,1,15,,68969,1,,,1,15,,68914,1,,,1,15,,68933,1,,,1,55,,68951,1,,,1,15,,68970,1,,,1,15,,68915,1,,,1,15,,68934,1,,,1,55,,68952,1,,,1,15,,68971,1,,,1,15,,68916,1,,,1,15,,68935,1,,,1,55,,68953,1,,,1,15,,68972,1,,,1,15,,68917,1,,,1,15,,68936,1,,,1,55,,68954,1,,,1,15,,68973,1,,,1,15,,68918,1,,,1,15,,68937,1,,,1,55,,68955,1,,,1,15,,68974,1,,,1,15,,68919,1,,,1
